1
2
2
2
3
3
4
4
6
7
7
8
8
8
8
9
9
10
10
10
10
11
11
11
12
12
13
15
15
15
16
16
17
17
18
18
19
19
19
20
21
21
23
24
25
25
25
25
26
26
26
27
27
27
28
28
28
29
29
29
30
30
30
30
30
30
32
32
32
32
33
33
34
34
34
35
36
36
36
37
37
37
38
38
39
40
40
40
41
41
42
42
42
43
45
45
46
46
46
47
47
48
48
48
49
49
49
50
50
51
51
52
52
52
52
52
52
53
53
53
55
55
56
56
57
58
58
58
58
59
60
60
60
61
62
62
63
63
63
64
65
65
67
67
67
67
69
69
69
69
70
70
70
71
71
72
72
73
74
74
75
76
77
77
77
77
78
78
79
79
79
79
79
80
81
81
81
81
82
83
83
84
84
85
85
86
86
86
86
87
88
88
88
88
89
89
89
89
89
90
90
91
91
91
92
92
92
92
92
94
94
95
95
96
96
96
97
97
97
98
98
98
99
99
99
101
101
101
102
102
103
103
103
104
104
105
105
106
108
108
109
110
111
112
112
112
113
113
113
113
113
113
114
114
115
115
115
116
116
117
117
119
119
120
120
120
120
120
121
122
123
123
124
124
124
126
126
127
127
128
129
129
130
131
132
132
132
132
133
133
133
133
133
134
135
135
136
136
137
137
137
137
137
138
139
139
140
140
141
142
142
143
143
143
143
143
144
146
147
148
149
150
151
151
151
155
155
155
156
156
158
159
159
159
160
160
161
161
162
163
164
164
165
166
167
167
167
167
168
169
170
170
170
171
171
171
171
174
175
176
176
176
177
177
178
178
179
179
180
180
181
182
182
183
183
183
185
186
188
190
190
190
191
191
191
191
192
192
192
195
195
196
197
198
198
198
200
202
203
203
203
204
206
206
207
207
207
208
208
208
208
208
209
210
210
211
213
213
215
215
216
216
216
217
217
218
219
219
219
220
222
222
223
223
224
225
225
226
228
228
228
229
229
230
231
232
232
233
234
234
235
235
235
235
236
236
237
237
238
238
238
239
239
241
241
242
243
243
243
244
245
245
247
248
248
249
251
251
251
252
253
253
253
253
253
253
254
254
255
255
256
257
257
258
258
258
258
259
259
259
259
260
260
261
261
262
262
263
264
264
264
265
266
267
267
267
267
267
268
269
269
271
271
271
272
272
273
273
274
274
274
276
276
276
277
277
278
278
280
280
280
281
281
281
282
282
285
286
286
286
287
287
288
288
288
289
289
290
291
292
293
293
294
294
295
296
296
296
297
298
298
299
299
300
300
301
302
302
302
303
304
305
305
305
305
306
306
306
307
307
307
308
308
308
308
309
309
310
310
310
310
311
311
312
312
312
313
313
314
315
317
318
319
319
319
319
320
321
324
325
325
326
326
327
327
327
328
328
328
329
331
331
331
331
333
333
334
334
335
335
335
335
336
336
336
337
337
337
338
338
338
339
339
339
339
339
343
343
343
343
343
344
344
345
346
347
348
349
349
350
352
352
352
352
354
355
355
356
356
357
357
357
358
359
359
359
359
359
360
360
360
360
360
361
361
361
362
362
362
362
364
364
364
364
365
365
365
366
367
368
368
368
369
369
369
369
370
370
370
370
371
371
371
372
373
373
374
375
375
376
376
376
377
378
379
379
380
380
380
381
381
381
381
382
384
387
387
387
388
389
390
391
391
392
392
392
393
393
394
394
395
395
395
396
396
396
397
397
398
398
399
399
399
400
400
400
400
401
401
401
402
404
404
405
405
406
406
407
407
407
408
408
409
409
409
410
410
410
410
410
410
411
411
411
412
412
412
412
413
413
414
414
414
415
415
415
416
416
417
418
418
418
418
418
418
420
420
420
421
421
421
421
421
421
422
422
422
423
423
424
425
425
425
425
427
428
428
429
430
431
431
432
433
433
434
436
436
436
438
438
438
439
439
439
440
441
441
441
443
443
443
443
443
444
445
446
446
447
447
447
448
449
449
450
450
450
450
451
451
451
451
452
453
454
454
455
455
457
457
457
457
457
457
458
458
458
459
459
459
460
460
461
462
462
462
462
463
463
464
465
465
466
467
467
468
468
469
470
470
470
471
472
473
473
473
474
474
475
475
475
475
475
476
476
476
476
476
478
478
479
479
479
479
479
480
481
481
481
481
482
482
482
483
484
484
484
484
486
486
486
486
488
488
488
488
489
489
491
491
491
492
493
494
494
495
495
495
496
496
497
497
497
497
497
498
499
500
500
500
501
501
504
505
505
505
506
507
507
508
508
508
509
509
509
509
509
510
510
511
512
512
512
513
514
514
514
515
515
516
517
517
517
520
520
521
521
522
523
524
524
525
525
526
527
527
527
527
529
529
529
529
530
531
532
532
533
533
534
534
534
535
535
536
536
537
538
538
538
538
540
540
540
541
543
543
543
543
544
544
544
544
544
545
545
545
546
546
546
546
546
547
547
548
548
548
548
549
550
550
550
551
551
551
551
551
554
555
555
557
557
557
557
558
558
558
559
560
560
560
561
562
562
563
564
564
564
564
565
565
565
566
566
567
567
567
568
568
568
569
569
570
570
570
571
571
572
573
573
574
574
576
577
577
578
578
579
580
581
581
581
584
585
586
587
587
587
588
588
589
589
589
590
590
591
591
591
591
592
592
593
594
594
594
596
596
596
597
597
597
598
598
600
600
601
601
602
602
603
603
604
605
605
606
606
606
606
607
607
609
610
610
610
611
611
611
611
611
612
612
613
614
614
614
614
615
616
616
616
617
617
617
618
618
618
620
620
621
621
621
621
622
622
623
623
623
623
624
624
625
625
627
627
627
628
628
629
629
630
630
630
631
632
632
633
634
636
637
637
637
637
638
638
639
639
640
641
643
643
644
644
644
646
646
647
647
649
649
650
650
651
651
651
654
657
660
660
660
660
661
661
661
662
662
662
664
664
664
664
664
665
667
668
669
669
670
670
671
672
672
672
672
673
674
674
674
675
675
675
675
675
676
676
676
676
677
678
678
679
679
679
679
680
680
681
682
682
682
683
683
684
684
685
685
686
687
687
688
688
689
689
689
690
690
690
690
690
691
692
693
693
694
694
696
696
696
698
699
700
700
701
701
703
703
703
703
703
703
703
704
704
705
705
706
706
706
707
707
707
708
708
708
709
709
711
712
712
713
714
714
714
715
715
715
716
716
717
717
717
718
719
719
720
721
721
721
721
722
722
723
723
724
724
724
725
725
726
727
727
727
727
728
729
729
730
730
730
731
732
733
734
734
737
737
737
737
737
738
738
739
739
739
739
739
740
740
741
741
742
745
745
745
746
746
746
747
747
748
748
748
748
750
751
751
751
753
753
753
754
755
756
757
757
757
757
758
758
759
759
759
759
760
760
760
761
761
762
762
762
762
762
763
765
765
766
767
767
767
768
768
768
770
771
771
771
772
773
774
774
774
775
775
776
776
776
776
776
777
777
777
777
778
779
779
779
780
780
780
780
781
782
782
783
783
784
785
785
785
786
786
787
787
788
788
788
789
789
790
790
790
790
791
791
792
793
793
793
794
794
796
797
798
800
801
802
804
804
804
804
805
806
807
807
808
809
809
810
810
811
811
812
812
813
813
814
815
816
817
817
817
817
817
818
818
819
820
820
820
821
821
821
822
823
823
823
824
824
825
825
826
826
826
826
828
828
828
828
828
828
829
831
831
831
831
831
832
833
833
834
834
835
835
836
836
837
838
838
838
838
839
839
839
839
839
840
840
841
841
842
842
842
842
842
843
843
844
844
845
845
846
846
846
848
848
848
848
850
850
850
851
851
851
852
852
852
852
852
852
854
854
854
855
855
857
858
858
859
859
859
860
860
861
861
861
862
862
862
862
862
863
863
863
863
864
864
864
864
865
867
867
867
867
869
870
871
871
872
874
874
874
874
875
875
875
875
876
876
876
878
878
878
879
880
880
880
881
881
881
881
881
882
882
882
882
883
884
885
885
885
885
887
888
888
888
890
891
891
891
891
892
892
893
893
893
894
895
895
895
896
896
897
897
897
899
899
900
901
901
901
903
904
905
905
905
905
906
906
906
906
906
907
907
907
908
910
910
911
911
912
913
914
914
915
915
916
917
917
918
918
919
919
919
920
920
921
921
923
923
923
924
925
925
926
927
927
928
928
928
928
928
929
929
931
931
932
933
934
934
934
935
936
936
936
936
937
937
938
939
939
939
941
941
941
942
943
943
943
944
945
945
945
945
945
945
946
946
947
947
947
947
947
948
949
949
949
950
950
950
951
951
951
952
952
952
952
954
954
955
956
956
957
957
957
959
959
959
960
961
963
963
963
964
964
965
966
967
967
968
968
968
969
969
970
970
971
972
973
973
974
975
976
977
977
978
978
979
979
979
980
980
980
981
981
981
982
982
983
984
984
985
985
986
986
987
987
987
988
989
990
990
990
991
991
992
992
992
994
994
994
995
995
995
995
996
996
996
997
998
998
999
999
1000
1000
1001
1001
1001
1002
1003
1004
1004
1004
1004
1004
1004
1005
1006
1006
1007
1007
1009
1010
1011
1012
1012
1013
1014
1014
1014
1014
1015
1016
1017
1017
1018
1018
1019
1020
1021
1021
1021
1021
1021
1021
1023
1024
1025
1026
1027
1027
1028
1028
1028
1029
1031
1031
1032
1033
1034
1034
1035
1036
1037
1038
1038
1038
1039
1039
1039
1039
1040
1040
1040
1040
1040
1041
1041
1041
1042
1042
1042
1042
1043
1043
1043
1043
1044
1044
1044
1044
1044
1045
1045
1045
1046
1047
1047
1047
1048
1048
1048
1049
1049
1049
1049
1050
1051
1051
1051
1052
1052
1052
1052
1053
1054
1054
1055
1055
1055
1055
1056
1056
1056
1057
1058
1058
1058
1059
1059
1060
1061
1061
1061
1062
1063
1063
1063
1065
1065
1065
1065
1066
1066
1066
1067
1067
1068
1068
1068
1069
1069
1069
1070
1070
1072
1072
1074
1077
1077
1077
1078
1078
1079
1079
1079
1079
1079
1080
1080
1081
1082
1082
1083
1083
1083
1083
1085
1086
1086
1087
1087
1087
1088
1088
1089
1090
1090
1091
1092
1092
1092
1092
1093
1093
1094
1095
1095
1096
1096
1096
1096
1096
1097
1097
1099
1101
1101
1102
1102
1102
1103
1103
1103
1103
1104
1104
1104
1104
1105
1106
1107
1107
1107
1107
1107
1108
1109
1110
1110
1110
1111
1112
1112
1113
1114
1114
1114
1114
1115
1116
1117
1117
1117
1117
1118
1120
1120
1120
1121
1121
1122
1122
1123
1123
1125
1125
1125
1125
1125
1125
1126
1126
1126
1127
1127
1127
1128
1128
1128
1129
1130
1130
1131
1131
1131
1131
1132
1132
1133
1134
1134
1135
1135
1135
1136
1137
1138
1138
1139
1139
1139
1140
1140
1140
1140
1141
1141
1141
1142
1142
1143
1143
1144
1145
1145
1146
1146
1148
1149
1149
1150
1150
1151
1151
1151
1152
1153
1153
1154
1155
1156
1156
1157
1157
1158
1158
1159
1159
1160
1160
1160
1161
1162
1162
1162
1162
1162
1163
1163
1164
1164
1164
1166
1167
1167
1167
1167
1168
1168
1168
1169
1169
1170
1171
1171
1172
1172
1172
1172
1172
1172
1173
1173
1174
1174
1175
1175
1175
1175
1176
1176
1178
1178
1178
1179
1179
1181
1181
1181
1181
1182
1182
1184
1184
1185
1185
1185
1187
1188
1188
1188
1189
1190
1190
1190
1191
1191
1192
1193
1193
1194
1194
1194
1194
1195
1195
1196
1196
1196
1197
1198
1198
1198
1199
1199
1199
1200
1201
1201
1202
1202
1202
1204
1204
1204
1204
1205
1205
1206
1206
1207
1207
1207
1208
1208
1211
1212
1213
1213
1214
1214
1214
1214
1215
1216
1217
1218
1218
1218
1219
1219
1220
1221
1221
1222
1222
1222
1222
1222
1223
1224
1224
1225
1225
1226
1226
1227
1227
1228
1228
1228
1228
1228
1229
1229
1229
1229
1230
1230
1231
1232
1232
1232
1233
1234
1235
1235
1236
1237
1237
1238
1238
1238
1239
1239
1239
1239
1239
1240
1240
1241
1242
1242
1244
1244
1244
1244
1244
1245
1245
1246
1246
1246
1247
1248
1248
1249
1249
1250
1250
1252
1252
1253
1254
1254
1254
1255
1255
1255
1257
1258
1258
1260
1260
1260
1260
1260
1260
1262
1262
1263
1263
1263
1264
1264
1265
1265
1265
1265
1266
1266
1267
1267
1267
1268
1268
1268
1271
1272
1272
1272
1273
1273
1274
1275
1275
1276
1276
1276
1277
1277
1278
1279
1280
1280
1281
1281
1281
1281
1281
1281
1282
1284
1284
1285
1285
1285
1287
1287
1287
1289
1289
1289
1289
1290
1291
1291
1291
1291
1292
1292
1292
1292
1294
1294
1294
1295
1295
1296
1296
1296
1297
1298
1299
1299
1301
1302
1303
1303
1303
1304
1305
1306
1306
1307
1307
1307
1307
1308
1308
1309
1309
1310
1311
1312
1312
1313
1314
1314
1314
1315
1316
1316
1316
1316
1316
1317
1317
1317
1318
1319
1319
1320
1320
1320
1320
1321
1321
1322
1324
1324
1326
1326
1326
1326
1327
1328
1328
1328
1328
1329
1329
1329
1329
1330
1330
1330
1330
1332
1334
1334
1334
1334
1334
1335
1335
1335
1335
1335
1336
1336
1337
1338
1338
1338
1339
1339
1340
1340
1340
1341
1341
1341
1343
1343
1344
1345
1346
1347
1347
1348
1348
1348
1348
1349
1350
1350
1350
1351
1351
1351
1352
1353
1353
1354
1355
1355
1355
1355
1359
1359
1360
1361
1362
1363
1364
1364
1364
1364
1364
1365
1365
1366
1367
1368
1368
1368
1368
1368
1369
1369
1369
1370
1370
1371
1371
1371
1372
1372
1373
1373
1374
1374
1374
1374
1374
1374
1374
1375
1375
1375
1376
1377
1379
1379
1379
1380
1380
1383
1383
1384
1385
1386
1387
1387
1387
1389
1390
1390
1390
1390
1391
1391
1391
1391
1392
1392
1393
1394
1394
1394
1394
1394
1395
1396
1398
1398
1398
1399
1399
1399
1399
1400
1401
1401
1402
1402
1404
1405
1405
1406
1406
1407
1407
1407
1408
1408
1408
1409
1410
1410
1411
1411
1412
1413
1413
1415
1415
1416
1418
1418
1418
1418
1418
1419
1419
1419
1420
1420
1421
1421
1421
1422
1423
1423
1425
1426
1426
1426
1427
1430
1430
1430
1430
1430
1431
1431
1431
1431
1433
1433
1433
1434
1434
1434
1434
1435
1435
1435
1435
1436
1437
1437
1438
1438
1439
1439
1439
1440
1440
1441
1441
1441
1442
1442
1443
1443
1444
1444
1446
1446
1446
1447
1447
1447
1448
1448
1448
1448
1448
1449
1449
1450
1451
1452
1452
1454
1454
1455
1455
1455
1455
1457
1457
1458
1458
1458
1458
1459
1460
1460
1461
1462
1462
1462
1463
1464
1464
1464
1464
1464
1465
1465
1465
1465
1466
1466
1467
1467
1467
1468
1468
1469
1469
1469
1470
1470
1470
1470
1471
1473
1473
1474
1474
1475
1476
1477
1477
1478
1478
1478
1479
1480
1481
1481
1482
1483
1483
1484
1484
1485
1486
1486
1487
1488
1488
1488
1489
1489
1490
1490
1491
1491
1491
1492
1493
1494
1494
1494
1495
1495
1495
1496
1496
1497
1497
1497
1497
1499
1499
1500
1500
1500
1501
1501
1501
1501
1501
1501
1503
1503
1504
1504
1505
1505
1505
1506
1506
1506
1506
1507
1507
1507
1507
1508
1509
1509
1509
1510
1510
1510
1510
1510
1511
1511
1512
1512
1512
1512
1512
1513
1513
1514
1515
1515
1516
1516
1518
1518
1518
1519
1519
1521
1521
1521
1522
1522
1523
1523
1524
1524
1525
1526
1526
1526
1527
1527
1527
1527
1528
1528
1529
1529
1529
1529
1530
1531
1531
1531
1532
1532
1534
1534
1534
1535
1535
1536
1536
1536
1537
1537
1539
1539
1540
1540
1540
1542
1543
1543
1544
1544
1544
1545
1545
1545
1546
1546
1546
1548
1548
1548
1548
1549
1549
1549
1551
1551
1551
1552
1552
1552
1552
1552
1553
1553
1555
1555
1555
1555
1557
1557
1557
1557
1557
1558
1559
1559
1561
1562
1562
1562
1563
1563
1563
1565
1566
1567
1567
1568
1568
1569
1569
1569
1569
1570
1570
1571
1571
1571
1571
1572
1572
1572
1573
1573
1574
1574
1574
1575
1575
1575
1575
1576
1576
1576
1577
1577
1578
1578
1579
1580
1580
1580
1581
1581
1581
1582
1582
1583
1583
1583
1583
1584
1585
1585
1586
1587
1587
1587
1587
1587
1588
1589
1590
1590
1590
1591
1592
1592
1592
1594
1594
1594
1594
1594
1595
1595
1596
1596
1596
1596
1597
1597
1598
1598
1598
1598
1598
1598
1600
1600
1600
1601
1602
1602
1602
1604
1604
1605
1606
1606
1607
1607
1608
1608
1609
1609
1609
1611
1612
1612
1612
1615
1615
1616
1616
1617
1617
1617
1618
1618
1619
1619
1619
1620
1620
1620
1620
1620
1620
1620
1620
1622
1622
1622
1623
1623
1623
1624
1625
1625
1625
1625
1626
1626
1626
1626
1626
1626
1627
1628
1628
1628
1628
1629
1630
1631
1631
1631
1631
1632
1633
1633
1633
1633
1634
1634
1635
1635
1635
1635
1635
1635
1636
1636
1637
1637
1637
1638
1639
1639
1639
1639
1640
1640
1641
1641
1642
1642
1643
1643
1643
1644
1644
1645
1645
1645
1645
1645
1646
1646
1647
1649
1649
1649
1650
1651
1652
1652
1652
1653
1653
1655
1655
1656
1656
1657
1657
1657
1658
1658
1658
1658
1659
1660
1661
1661
1662
1662
1662
1662
1663
1663
1665
1666
1666
1667
1667
1668
1668
1668
1670
1670
1670
1670
1671
1672
1674
1674
1675
1676
1676
1676
1677
1677
1678
1679
1679
1679
1680
1682
1682
1682
1683
1683
1684
1684
1684
1685
1686
1686
1686
1686
1687
1688
1688
1688
1688
1688
1689
1690
1690
1690
1690
1691
1691
1691
1691
1691
1692
1693
1693
1693
1694
1695
1695
1698
1699
1699
1702
1702
1702
1702
1703
1703
1703
1703
1704
1704
1705
1705
1706
1706
1706
1707
1708
1708
1709
1710
1711
1711
1711
1711
1711
1712
1713
1713
1713
1714
1714
1716
1716
1716
1718
1719
1719
1720
1720
1722
1722
1723
1723
1723
1724
1724
1724
1724
1724
1725
1725
1726
1726
1726
1726
1727
1728
1729
1730
1730
1731
1732
1733
1733
1733
1733
1733
1734
1735
1735
1735
1735
1736
1736
1736
1736
1737
1738
1738
1738
1740
1740
1740
1742
1742
1742
1743
1743
1743
1744
1744
1744
1745
1745
1745
1745
1746
1746
1747
1748
1749
1750
1752
1752
1752
1752
1753
1753
1753
1754
1754
1755
1756
1758
1759
1759
1759
1759
1760
1761
1762
1762
1764
1764
1765
1766
1766
1767
1767
1767
1768
1769
1772
1772
1773
1773
1773
1773
1773
1774
1774
1775
1775
1777
1778
1778
1778
1779
1779
1779
1779
1780
1780
1781
1781
1781
1782
1783
1783
1783
1783
1784
1784
1784
1784
1785
1785
1785
1786
1786
1787
1787
1787
1788
1788
1788
1788
1790
1790
1790
1790
1793
1795
1796
1797
1797
1798
1798
1799
1799
1799
1799
1799
1799
1801
1803
1806
1807
1807
1809
1809
1809
1810
1810
1811
1811
1812
1812
1813
1814
1814
1815
1815
1815
1815
1816
1816
1816
1816
1816
1817
1817
1819
1819
1819
1819
1820
1820
1822
1823
1823
1824
1824
1825
1825
1825
1825
1826
1827
1827
1828
1828
1829
1831
1832
1832
1832
1833
1833
1834
1834
1835
1835
1835
1835
1836
1836
1836
1838
1838
1838
1838
1839
1839
1839
1839
1840
1840
1840
1841
1842
1842
1842
1844
1844
1845
1846
1846
1846
1846
1848
1849
1849
1850
1850
1850
1850
1850
1850
1850
1851
1851
1852
1853
1854
1854
1855
1855
1855
1855
1855
1856
1856
1857
1859
1859
1860
1860
1860
1861
1861
1862
1862
1862
1863
1863
1864
1864
1864
1865
1865
1866
1866
1866
1866
1867
1867
1868
1870
1870
1870
1871
1872
1872
1872
1873
1873
1873
1873
1874
1875
1876
1876
1876
1876
1877
1878
1878
1878
1878
1879
1880
1880
1881
1881
1881
1881
1882
1882
1883
1884
1884
1884
1884
1884
1885
1885
1886
1886
1887
1887
1887
1887
1888
1888
1888
1888
1888
1889
1889
1890
1891
1891
1892
1892
1893
1893
1894
1896
1897
1898
1899
1900
1900
1900
1901
1902
1902
1902
1902
1902
1903
1903
1903
1904
1904
1904
1904
1905
1905
1905
1905
1906
1907
1907
1907
1907
1907
1909
1909
1912
1912
1912
1913
1913
1914
1914
1914
1915
1915
1916
1916
1917
1917
1917
1919
1919
1920
1920
1920
1921
1921
1921
1922
1922
1923
1923
1923
1925
1926
1926
1926
1927
1927
1927
1927
1929
1929
1930
1932
1932
1932
1934
1934
1934
1934
1934
1935
1935
1935
1935
1936
1936
1937
1937
1938
1938
1940
1941
1941
1942
1942
1942
1943
1944
1945
1945
1945
1946
1946
1946
1946
1946
1947
1947
1947
1949
1950
1950
1950
1951
1951
1951
1952
1953
1953
1954
1956
1956
1956
1958
1959
1959
1960
1960
1962
1963
1963
1963
1963
1964
1964
1965
1965
1965
1965
1966
1967
1967
1967
1968
1968
1970
1970
1970
1972
1973
1974
1974
1974
1975
1975
1975
1975
1976
1976
1977
1977
1977
1977
1979
1979
1979
1980
1980
1981
1981
1982
1982
1982
1982
1982
1983
1984
1984
1984
1984
1984
1984
1985
1985
1985
1986
1986
1986
1987
1990
1990
1992
1993
1994
1994
1994
1995
1995
1995
1996
1997
1998
1998
1998
1999
1999
1999
1999
1999
2001
2001
2001
2001
2001
2002
2003
2004
2004
2004
2005
2005
2005
2005
2005
2007
2007
2007
2007
2008
2008
2009
2009
2009
2010
2010
2010
2011
2011
2012
2012
2013
2014
2015
2016
2016
2016
2016
2018
2018
2019
2019
2019
2019
2020
2020
2022
2023
2023
2023
2023
2024
2024
2025
2026
2026
2026
2026
2027
2028
2029
2029
2029
2030
2031
2031
2031
2031
2032
2032
2033
2033
2033
2033
2034
2035
2035
2035
2036
2036
2037
2037
2039
2039
2040
2040
2042
2042
2044
2044
2044
2044
2045
2045
2047
2047
2047
2048
2049
2050
2052
2052
2054
2054
2054
2055
2055
2055
2056
2057
2057
2058
2058
2058
2058
2059
2059
2060
2060
2061
2061
2061
2061
2062
2062
2062
2063
2063
2064
2064
2066
2066
2067
2067
2068
2069
2069
2069
2069
2070
2070
2070
2070
2070
2071
2071
2071
2071
2071
2074
2075
2076
2078
2078
2080
2080
2081
2081
2081
2081
2082
2082
2083
2085
2086
2086
2086
2087
2087
2088
2088
2088
2089
2089
2089
2089
2089
2091
2091
2091
2091
2092
2093
2093
2095
2095
2096
2097
2097
2097
2098
2099
2099
2099
2100
2101
2102
2102
2102
2103
2103
2103
2104
2104
2104
2105
2105
2105
2106
2106
2107
2107
2108
2109
2109
2109
2109
2110
2110
2110
2111
2111
2111
2112
2112
2113
2114
2115
2116
2116
2116
2116
2117
2117
2117
2118
2119
2119
2120
2120
2120
2122
2122
2123
2124
2124
2124
2124
2125
2126
2126
2126
2127
2127
2128
2128
2128
2128
2130
2130
2130
2130
2130
2131
2132
2132
2136
2136
2136
2136
2139
2139
2140
2140
2140
2141
2142
2142
2143
2143
2144
2145
2145
2145
2146
2147
2147
2148
2148
2149
2149
2149
2150
2150
2150
2151
2151
2151
2153
2153
2154
2154
2155
2156
2156
2156
2156
2156
2157
2158
2158
2159
2159
2160
2161
2161
2162
2162
2163
2164
2164
2164
2164
2165
2165
2165
2167
2167
2168
2168
2168
2169
2169
2170
2171
2172
2173
2173
2174
2174
2176
2177
2177
2177
2177
2178
2178
2178
2178
2179
2179
2179
2180
2180
2183
2183
2183
2183
2183
2184
2184
2187
2188
2188
2188
2189
2190
2190
2191
2192
2192
2192
2193
2193
2193
2193
2193
2195
2195
2196
2196
2197
2199
2199
2199
2200
2200
2200
2200
2201
2201
2201
2202
2202
2203
2203
2204
2206
2206
2206
2207
2207
2208
2208
2208
2208
2208
2209
2209
2209
2210
2210
2210
2211
2211
2212
2212
2213
2214
2216
2216
2217
2217
2219
2219
2220
2220
2220
2221
2221
2221
2222
2223
2223
2223
2225
2225
2225
2225
2226
2227
2227
2228
2229
2229
2229
2230
2230
2230
2230
2233
2234
2234
2234
2234
2234
2235
2235
2235
2236
2237
2239
2239
2240
2240
2240
2241
2243
2243
2244
2245
2245
2245
2245
2246
2247
2247
2248
2248
2248
2249
2249
2250
2250
2251
2251
2251
2252
2252
2254
2254
2255
2255
2255
2255
2255
2256
2256
2257
2257
2258
2258
2258
2258
2259
2260
2260
2261
2262
2262
2263
2263
2264
2267
2267
2268
2268
2269
2269
2269
2270
2270
2271
2271
2272
2273
2273
2273
2273
2273
2273
2273
2273
2274
2274
2275
2275
2275
2275
2275
2276
2276
2276
2277
2278
2279
2279
2280
2280
2280
2280
2280
2280
2280
2281
2282
2283
2283
2283
2284
2284
2285
2286
2286
2286
2288
2291
2292
2293
2294
2294
2294
2295
2295
2296
2296
2296
2297
2297
2297
2297
2298
2300
2301
2301
2302
2302
2302
2303
2303
2303
2304
2304
2304
2304
2305
2306
2306
2306
2308
2308
2309
2309
2309
2311
2311
2311
2312
2312
2312
2312
2314
2314
2314
2315
2316
2316
2317
2318
2318
2319
2321
2322
2322
2323
2324
2324
2325
2325
2326
2326
2327
2328
2332
2333
2334
2334
2334
2334
2335
2336
2336
2336
2338
2340
2340
2341
2341
2342
2344
2344
2344
2344
2346
2347
2347
2348
2349
2349
2350
2350
2350
2351
2351
2351
2352
2352
2352
2352
2352
2352
2353
2353
2353
2354
2355
2356
2356
2357
2357
2357
2358
2359
2359
2361
2362
2362
2362
2363
2364
2364
2364
2364
2364
2364
2365
2368
2369
2370
2371
2371
2371
2372
2373
2374
2374
2374
2374
2375
2375
2375
2375
2376
2377
2378
2378
2378
2378
2380
2380
2380
2381
2381
2382
2382
2382
2383
2383
2383
2384
2386
2386
2387
2387
2388
2388
2388
2388
2388
2389
2389
2389
2390
2391
2391
2391
2392
2392
2392
2393
2394
2394
2395
2396
2396
2396
2398
2398
2398
2399
2399
2399
2400
2400
2400
2401
2401
2401
2402
2402
2403
2403
2404
2404
2404
2405
2406
2406
2406
2406
2407
2407
2407
2407
2408
2408
2409
2409
2410
2411
2411
2411
2413
2413
2413
2414
2414
2415
2416
2418
2418
2418
2419
2420
2420
2420
2420
2421
2421
2421
2422
2422
2422
2423
2423
2424
2424
2425
2425
2425
2425
2426
2427
2427
2428
2428
2428
2428
2429
2430
2430
2430
2432
2433
2433
2433
2434
2434
2435
2435
2435
2436
2437
2437
2437
2439
2439
2441
2441
2442
2442
2442
2444
2445
2445
2447
2449
2450
2450
2451
2451
2452
2452
2452
2453
2453
2453
2453
2454
2454
2454
2456
2456
2457
2457
2457
2457
2458
2458
2458
2459
2459
2459
2459
2460
2461
2461
2461
2462
2462
2462
2462
2463
2463
2464
2464
2465
2466
2466
2467
2467
2468
2469
2469
2470
2470
2470
2471
2471
2471
2471
2471
2472
2473
2473
2473
2473
2473
2475
2476
2476
2476
2477
2477
2478
2478
2479
2479
2480
2480
2480
2480
2481
2481
2481
2481
2482
2482
2483
2484
2484
2486
2486
2487
2488
2489
2489
2490
2490
2490
2492
2492
2492
2493
2493
2493
2493
2493
2494
2494
2495
2495
2495
2496
2496
2500
2500
