112
797
863
305
949
15
472
551
49
41
701
414
6
821
819
804
516
904
214
989
249
456
435
879
500
467
655
53
197
650
820
620
37
790
67
360
370
585
468
676
905
474
815
46
351
260
485
788
752
187
672
20
603
686
90
346
134
565
582
803
589
973
995
946
323
919
660
79
82
497
570
60
262
757
432
503
524
452
922
325
317
874
872
933
459
272
546
985
319
851
261
914
661
870
332
245
221
173
763
441
116
377
862
955
997
868
957
269
938
314
950
832
421
131
399
296
217
186
909
596
151
61
283
523
858
439
860
13
170
417
619
831
40
810
887
390
318
477
442
917
139
408
761
869
490
255
409
381
556
379
677
265
849
292
624
893
426
998
232
777
258
184
224
463
514
403
460
689
572
16
796
699
638
434
616
710
227
470
840
359
59
587
681
636
328
237
454
703
690
528
639
138
606
253
974
501
792
39
543
300
127
97
374
124
476
948
698
799
720
550
66
683
321
746
308
327
363
14
857
727
38
29
595
875
424
290
168
362
401
264
257
736
654
309
656
781
395
337
254
897
464
74
106
939
233
929
964
212
239
723
205
961
447
137
505
954
960
330
611
109
721
806
174
615
824
758
301
535
22
209
393
180
154
338
231
21
552
275
181
51
744
240
732
941
738
371
700
91
878
779
113
697
92
75
108
274
692
146
171
926
419
910
588
382
361
479
579
566
600
366
614
36
833
702
935
590
198
795
623
473
816
119
886
772
671
243
994
93
782
708
626
553
613
930
739
164
266
608
466
617
147
825
967
488
229
496
705
172
976
621
537
218
31
519
513
506
425
889
907
842
190
73
336
557
530
145
635
285
931
222
125
510
838
449
591
407
228
629
480
430
81
223
380
404
666
745
368
504
544
9
24
334
389
561
156
234
220
458
320
924
817
774
670
98
123
993
88
398
115
881
958
972
85
925
771
717
25
934
298
648
483
43
520
628
349
4
634
912
712
932
971
416
605
367
365
508
540
509
44
612
730
293
104
598
50
859
141
593
312
839
549
100
335
728
856
76
512
759
86
270
651
394
668
55
911
469
64
986
56
406
798
178
385
120
248
685
304
118
95
722
531
892
326
1000
867
176
977
802
202
713
522
952
445
754
453
726
716
968
133
584
559
633
47
342
28
765
242
778
659
895
517
208
177
462
940
188
89
622
122
592
891
252
679
963
415
567
982
355
573
199
742
482
267
159
768
117
437
718
575
610
196
281
921
992
696
279
352
18
5
357
599
475
734
809
873
943
12
852
495
169
263
729
311
709
947
574
937
461
920
10
299
42
564
562
487
246
316
658
854
69
410
273
828
669
664
216
251
280
533
386
278
787
554
682
951
884
193
378
913
486
499
578
532
521
906
962
644
750
538
259
310
148
420
451
762
601
756
491
140
693
853
494
207
402
7
57
688
740
446
580
850
899
883
751
643
45
179
84
302
927
667
471
844
282
128
313
102
818
62
843
331
241
969
990
418
484
731
776
210
915
101
568
865
507
735
294
846
647
2
555
785
942
413
105
784
653
665
885
388
604
835
142
657
987
72
481
542
126
277
153
978
32
26
289
597
829
286
632
268
581
375
558
68
376
645
354
640
652
99
864
423
372
235
158
71
861
250
347
837
443
96
167
755
271
444
163
157
747
195
642
333
307
287
226
238
306
545
786
563
457
769
433
801
129
1
225
384
284
691
577
450
324
345
291
431
80
753
256
448
827
48
956
182
959
143
901
70
189
412
166
894
78
478
918
748
428
984
152
23
583
678
877
534
17
204
953
766
387
586
525
132
353
111
936
364
711
63
348
706
780
979
675
848
830
814
339
160
928
743
526
3
356
121
438
965
144
966
511
493
811
975
489
841
594
175
793
27
515
684
130
923
908
411
230
767
695
996
65
30
547
350
694
315
812
805
54
836
673
400
383
107
77
518
329
749
94
725
165
405
607
988
822
999
11
680
576
625
155
783
847
760
200
397
641
888
150
916
646
618
276
161
19
536
236
944
770
369
896
215
775
185
201
823
609
637
627
465
662
807
303
548
541
297
970
791
981
630
340
663
882
492
845
162
866
808
288
436
206
800
219
213
871
571
876
498
980
789
114
855
560
834
58
149
715
714
429
33
813
35
602
440
569
183
191
794
136
422
34
529
247
391
707
902
502
704
455
87
983
719
358
194
103
687
52
903
764
945
396
203
83
991
341
737
373
110
773
898
135
900
343
427
527
674
890
192
741
8
322
631
880
344
649
539
733
295
244
392
826
211
724