1897
730
14
1417
610
487
2442
569
673
367
2257
658
2874
2879
1374
4069
4724
1622
2735
693
1588
4124
4060
3695
4826
2522
41
2920
2843
1512
534
3337
443
2135
2268
4722
4058
4528
1437
4131
3988
2971
3003
3904
1682
4881
486
4387
2653
3759
3976
752
3740
1526
236
3868
3674
4625
3170
4405
3230
2412
1144
1855
2005
3352
4346
3436
1132
1283
1635
3315
174
1684
3367
935
2317
4345
1250
2906
1968
4641
4688
1430
4948
528
2852
3076
756
2154
4076
3764
1979
1787
1053
4240
3482
4570
4639
3284
3702
1482
440
2747
114
1319
567
2713
4752
1769
428
1809
4135
2447
2474
1764
3420
4113
1387
1963
4446
3524
3498
1714
2512
499
2621
4624
461
1675
3269
142
1570
3290
4083
1808
3541
4664
684
2661
4341
1393
551
805
584
2588
1619
2745
2425
554
2299
2153
2497
2149
4725
4175
3295
3461
3761
3701
2712
1502
3877
1797
988
2415
3079
2095
4093
3769
839
3715
1147
4547
1057
3966
541
881
1654
1048
4653
357
3188
4842
1071
3492
2953
207
1396
1352
4646
3602
1779
681
3299
4421
3857
159
2373
1457
3517
3777
940
2783
2479
2523
3693
202
2764
1782
262
4537
3429
2397
4398
2198
1776
1483
4414
2264
513
1740
110
3593
2236
3134
1287
3095
2824
3298
1073
3941
438
525
278
3185
1926
2554
2133
3222
3424
620
1227
3239
1597
3324
2012
3713
1932
296
2488
171
4287
494
3931
3496
3974
1906
4681
1996
1317
1138
4519
3393
1755
1321
4973
4253
1911
792
281
1538
2290
4684
4030
1744
1950
4749
4508
4205
1178
3534
3803
2876
1613
4480
179
1273
1525
2335
12
2300
1555
4300
145
4867
965
4298
1314
2270
4763
778
858
4516
4082
2015
1857
3855
3075
3036
1007
4706
919
2126
950
4138
1666
1373
3119
4284
1145
1522
439
4043
526
1296
913
3444
2992
849
2508
4840
883
3035
3328
4371
4485
3336
1104
3019
4799
2519
2366
2599
1792
3157
3627
4152
882
841
3103
2959
292
1803
1560
4409
3822
1069
484
2601
2525
2731
4059
418
1240
3557
4737
2427
1067
889
2434
4119
2566
4814
2974
47
4694
1440
744
2690
4918
3164
742
3195
2593
3421
4969
4760
4963
821
1335
2605
2399
230
1775
1880
2598
2061
133
808
2569
1413
1710
3108
1255
817
3920
2688
3246
2899
599
760
2795
471
1080
60
1239
4876
2932
1688
708
4866
4967
4481
3209
4449
2035
1731
859
3755
2375
3990
838
1020
3203
1977
316
3177
582
3431
435
2646
3044
699
2255
2374
527
697
3197
3985
4107
4010
1835
4319
1516
1047
359
4379
2438
4311
4487
3293
2493
4277
356
3213
3654
1501
1636
4811
4339
1757
2655
4038
4468
4305
734
963
3710
4257
265
3512
2830
3819
866
1337
1528
4914
3121
84
2749
4169
4116
4121
1758
1602
4145
2873
2792
694
4375
828
1118
3150
4509
3300
1719
3748
2277
3576
4297
2396
482
3788
1166
865
336
1444
1847
160
677
2902
2544
2386
4608
4237
1842
2772
4612
4293
2581
1068
4640
3574
3820
2462
3413
3015
790
191
3249
107
945
1938
3090
3140
4821
2537
1004
1558
4276
1629
898
1034
1791
478
1969
958
2649
614
1641
980
3386
791
3680
395
4829
654
2000
4012
854
709
2498
4340
1734
2455
1604
1022
2894
2963
1257
1841
2919
4366
2030
3892
1220
2329
1851
3915
1490
3
2376
3364
126
4699
951
2120
2250
1027
349
2179
2652
784
3032
3708
290
1591
3810
876
4355
3462
4636
3651
4535
718
1646
2880
661
3242
4347
2591
1800
2119
601
3160
4944
3636
1405
3339
1668
4777
1407
1873
3078
685
4736
3138
3583
3244
1021
2917
305
1194
4173
4952
2628
2941
4616
4745
2121
2900
1060
2285
2313
1356
4258
2882
3151
3964
3214
4804
1386
3127
4227
1066
4350
943
1208
328
642
772
3711
3566
1670
2908
3206
3060
4978
4656
2453
2607
3750
3490
4849
183
404
737
884
2707
3734
253
4422
997
3953
3473
216
4670
4090
3556
1667
4853
2226
1513
4109
3844
488
1330
3253
1648
3607
222
4096
4919
3718
2577
3422
2726
3419
261
1778
4522
1820
3629
3940
3872
1955
1087
1679
727
4957
3254
1054
2637
1269
789
2170
3558
3211
3779
334
2065
2756
4115
1174
3589
4039
2024
4479
4368
2259
504
4769
2139
2774
4627
3691
3369
2674
4805
1369
2280
2796
1163
3643
855
1329
1297
176
3139
4618
532
3102
3125
2418
3690
2665
735
4136
279
3443
1784
3117
4902
2717
797
456
3493
2578
581
1902
2023
2243
276
2334
1599
3100
1898
3870
267
425
2615
814
2271
4614
3670
573
4558
3064
3377
3923
3247
4701
130
3466
3167
3568
1401
649
993
3571
1514
830
2037
444
1301
3041
4194
4386
3180
636
4859
4673
4935
743
4536
2163
4133
1033
4892
3526
3220
143
1143
3687
2776
761
2956
1162
2641
1056
2224
3093
3549
3507
4870
4797
491
4654
1092
4685
962
4303
1231
603
4589
937
553
3059
4740
3000
3181
2664
2456
826
1735
4801
1077
4622
3023
2394
2638
3825
2563
794
2312
3981
74
2096
4106
770
2047
3958
4342
2575
3771
3192
4552
3945
1729
1603
942
1507
4667
1011
2039
297
4423
2142
2804
3370
4691
3494
4477
892
811
4576
7
4433
1083
598
4946
3024
964
2660
2262
4951
1348
1949
3191
3573
538
4364
3543
2301
1065
1427
2471
5000
2401
3565
4313
4197
1985
2325
1807
360
4418
2206
3832
868
3521
1106
3938
3736
1198
867
759
3371
2844
3131
4439
1642
939
3577
3992
2323
2778
4568
2800
4321
1226
3882
1362
643
350
4189
3320
4329
3273
3430
4105
1786
3887
4534
3995
4677
1361
2617
3778
3226
139
3285
3487
1586
2283
312
978
1200
505
2863
3011
1303
4320
2006
2803
394
2845
2437
2358
4396
2648
3031
2146
4461
2303
436
1216
1717
2069
2279
2632
3439
3303
1449
767
696
3144
1157
1305
1905
4955
381
4634
4824
4968
1094
543
4095
4901
2511
4086
3124
1573
4498
144
4278
4140
4975
2113
1446
2886
1671
3264
2965
976
726
1919
613
128
2905
3900
2246
4224
3511
2853
2515
4595
4617
2557
1929
2860
4554
626
4469
2167
3603
635
1172
1182
2746
992
3553
4306
63
3503
1049
777
1224
475
2451
1000
2847
568
580
2025
4832
1983
3979
308
1896
4615
1628
1954
2361
3194
3544
948
1871
4372
3791
4166
4977
4585
848
3678
2416
1281
2140
4783
4802
3605
4424
386
3354
4865
4900
3828
3438
23
4359
4700
3058
3111
4054
3726
2016
1681
3101
1781
4652
4743
3696
906
1265
2125
641
3588
4144
739
3114
3596
671
3628
4052
1825
2651
4494
648
4453
3918
4445
2676
38
1096
3190
4223
2350
4443
2770
782
1817
1678
4564
3793
4586
4047
6
1561
3391
3806
2145
4758
3686
3061
1623
1694
2716
3848
3218
3166
1819
3401
4246
4678
2212
327
4771
2910
2565
2595
4142
3816
4201
2454
420
4053
4032
299
3662
1264
4611
2033
1930
214
1487
3723
1874
1994
540
4239
2654
2073
490
4068
4609
1915
1662
1912
3921
3069
4098
679
665
2118
4231
4792
1380
1701
2659
4715
1589
392
3288
2951
2777
1108
4631
771
2395
1865
2332
4033
977
2669
2132
4188
576
4638
840
4014
1760
317
1382
2186
4847
1687
2098
3382
1789
4374
1723
3441
2225
1722
1802
1159
28
1576
2927
968
79
552
4134
340
2446
325
4336
4467
2276
1192
3824
25
1355
384
3613
1879
1146
3355
2321
3908
1432
4858
4416
2678
106
1124
4091
335
2478
3038
3615
3965
3287
4872
4809
1887
502
879
835
3110
242
68
3056
1251
1135
1310
3400
57
994
923
2106
4338
3255
4798
1486
1788
740
4877
3705
4541
2546
903
1403
3057
173
4742
466
3453
2129
4493
4016
4143
1353
4271
915
1733
3341
4720
3809
431
3082
3154
3519
2152
514
2549
1008
4674
4436
2124
2889
375
2040
344
4828
2288
3446
1379
3787
1461
232
510
4559
4874
2097
1242
936
1411
2171
3619
2833
4704
4942
4285
4425
1798
2193
4236
2305
254
4045
3153
4307
3469
1861
517
1960
1533
3905
109
1935
3996
921
2962
1181
4323
4219
4855
184
1730
703
2985
3952
4687
3146
1877
2131
3949
843
1100
3316
1282
4999
1998
2583
3001
1608
4976
2046
4286
2592
3376
4283
3109
343
1228
2693
234
1685
877
4279
4894
957
764
2743
1917
2698
667
956
3106
3725
3182
3485
1554
3322
233
3983
1535
2398
3642
1019
1903
2381
3635
4945
4233
2410
2687
3744
1218
1837
3236
2859
117
850
1497
2384
3890
571
1530
2100
4529
531
4120
4000
542
3087
1280
3099
856
314
3440
21
4310
783
4723
3582
1705
4427
3935
2952
3359
2850
4546
4022
1246
165
3837
4331
3390
3676
1832
3040
132
4006
4990
4966
3955
1868
4633
4282
2109
37
3647
415
4343
3259
2215
995
3559
650
285
1827
1713
829
3906
1136
271
3216
3714
295
3888
2052
754
2702
2367
3975
2281
3173
822
67
1953
1566
1961
134
3449
2587
326
1564
2228
473
1500
604
3932
4075
3088
4833
2970
2088
2074
402
3644
2019
910
3993
4879
1277
3034
548
4382
49
4429
197
4548
546
2837
2972
4378
3797
561
4071
1151
3178
1358
259
3457
2050
3728
2428
2448
545
2528
2001
3434
1415
2897
4979
2336
1878
4444
2441
2123
217
2964
1928
4756
1058
971
1165
4660
1595
3563
4459
1489
4434
1107
2306
2200
969
2028
933
1970
2851
3730
973
4357
2541
4906
2603
4941
2715
441
3225
3307
2017
4
3276
76
1864
562
1093
291
701
294
796
2755
2555
4759
4025
1703
1822
3847
1099
2984
3204
58
1055
1438
2174
1423
1082
4437
1695
3910
1465
309
4084
4003
215
127
597
3504
2765
3706
4217
3368
2944
1042
4696
2275
3522
2272
3488
3479
3372
2468
3842
3963
4023
1805
1665
4650
2814
2524
4381
4150
272
1643
1590
2586
3365
4247
1318
2360
3753
2232
3084
3175
3325
3812
3196
2060
1290
1933
2477
2671
4709
2408
1300
1640
1881
947
4600
606
3630
1772
1459
1120
1552
803
1693
2159
3065
3018
2504
2444
4495
4177
229
1078
2683
1546
2912
609
1634
4272
3347
3237
4912
218
1565
1860
4649
3333
1390
715
3925
3047
2590
2773
302
4733
2382
3143
324
3580
1537
1259
320
949
4077
4746
4206
4376
2856
4806
1294
4815
1006
1716
3579
4317
187
4623
3013
4413
2460
2137
4556
3235
1981
524
4530
4288
3338
1117
4591
283
4762
3612
3027
4550
3028
1113
3738
3913
3349
390
3326
3669
33
4042
1003
1309
288
2199
4365
1252
3721
802
967
2658
1061
4695
1450
2766
2948
4819
2348
3652
2178
3542
2253
4655
2826
2034
746
4351
3775
1563
3999
2982
3067
3530
426
2110
2517
1652
364
289
2686
741
354
2238
1496
2342
2862
4573
4880
4721
1630
3107
3292
3514
4262
2692
2961
4621
62
3829
1993
4260
1680
371
4294
2440
2293
2898
1653
140
2156
4055
1331
608
2656
2892
4734
154
1479
2085
2543
1236
1862
2533
4837
2077
2815
2719
3314
446
736
2732
825
2612
4960
4890
1025
1826
10
4590
521
4153
146
3343
674
3869
4065
4312
1213
991
4705
20
2911
637
2314
4373
1270
3881
1123
1160
1883
816
2411
235
3527
3051
931
2192
2144
1295
4713
70
1209
4744
757
4216
1433
4507
2062
4005
530
251
874
2946
4435
501
3823
1833
929
380
4489
2166
1824
263
1658
834
2424
449
4864
4406
1298
1328
125
1749
211
442
3437
407
22
4584
4583
119
3550
3008
2790
539
2647
3665
3398
724
632
2406
1467
3071
3861
776
3833
2359
3447
3653
3523
479
3456
4921
3773
2485
2636
2080
223
3826
3551
520
1967
4280
3914
3927
286
2724
2506
3783
3794
1972
4765
2644
2629
4857
3849
2822
102
3428
1661
2158
972
4199
1164
2574
1946
753
1504
2296
1511
2101
2203
4862
4692
3407
4672
1412
2579
3265
4675
1139
3238
1927
2117
807
4385
4117
4596
397
3948
3959
1659
4180
4229
4539
4676
4959
3484
4102
1947
3198
3909
3348
4928
1551
1114
1631
366
1638
2618
2935
3595
2761
1342
3086
3911
3508
2351
2760
725
3240
3599
3533
319
2370
4369
2423
3442
961
1167
56
676
2403
4183
2482
1453
1737
4671
4839
16
4289
2854
812
3491
30
1344
2409
231
1327
634
105
1655
2627
2383
4581
3584
4786
1884
122
2209
4349
1736
1984
2684
4474
2086
3112
1333
370
2718
124
2700
2011
341
3464
4184
2922
2787
1508
2694
706
896
333
2194
4162
1888
4226
338
1752
2758
870
1761
2521
496
465
3327
4714
2188
4383
3311
4778
4163
2727
719
1549
4322
2344
4182
1610
2722
64
1029
4789
4953
1645
662
2196
893
2473
3928
640
4394
1466
1762
3342
2284
4168
3165
1085
2055
480
4390
3648
3747
3215
4920
2893
3263
3184
4846
1425
1261
4027
321
2903
3880
3489
1677
1152
3531
3351
3694
452
2949
2682
2273
280
2064
1084
1741
622
4871
2966
2202
3396
3346
2881
1197
213
2400
476
1142
559
2056
4893
4471
3626
4187
3306
2066
4663
587
4810
2491
3546
852
2464
1030
686
4458
2907
2220
4803
3841
1959
4560
3827
2788
2168
246
168
4314
2825
1728
3898
2090
1115
519
4728
4160
3152
4044
437
2729
1015
2940
4393
4851
565
4254
4225
987
4269
4316
3606
4669
2251
1754
313
161
1612
4243
204
4628
3383
801
3854
2249
878
3657
2989
3637
1476
4290
3839
3623
4172
4648
2585
3350
3098
2509
3083
4511
1702
4085
3408
4795
3564
3862
3262
880
4899
4891
2457
3426
1814
4250
912
3804
2182
1347
1414
4984
4823
2890
2883
1199
4983
4702
2705
2327
220
4270
3840
4252
2391
4768
4165
1889
666
346
196
2567
1553
2343
511
1262
1925
151
80
1376
90
769
1203
121
4037
2484
624
861
4517
3063
1391
3933
2904
2530
1726
3468
293
3756
4747
2075
2608
3002
4950
4492
914
1978
2995
1400
115
1156
2714
3786
3395
36
3961
1780
2433
3845
93
55
780
547
512
4302
1923
2936
1939
1484
3388
1462
379
3640
4454
3611
3633
4882
2540
3275
1605
3234
1845
1843
3501
4971
3045
3291
258
2991
1696
347
4741
2763
2112
1154
705
3661
4610
18
362
4808
4195
1463
2736
1750
450
1090
3309
1821
2459
621
1188
275
1243
2161
2190
3604
1454
2775
4898
2421
691
1002
1614
3052
2445
1934
401
3179
189
1363
2467
1445
1221
1472
266
2505
1914
1598
4698
1378
1184
4274
4154
4081
1016
2010
509
922
3896
1870
4735
1089
4707
3770
1823
1035
1524
422
2496
198
3621
3458
1211
751
4079
1673
3279
2108
875
1547
657
3085
1763
692
2960
1574
4544
2560
4757
1725
3042
4582
908
3987
1944
1170
592
3982
4118
3830
3946
1894
2980
3329
3340
4626
92
1284
78
1017
2345
887
1975
944
4662
460
749
4178
4580
3171
928
1559
3053
389
4123
3608
2993
1616
2782
2981
4028
2744
2269
4566
1738
2082
1201
1626
4923
3418
3189
1206
4830
4606
4241
3978
1924
2379
2420
3283
2938
3122
4515
1958
2324
4122
1075
2616
3675
2834
575
2552
3200
3043
4605
4228
4878
4689
412
863
1909
1292
101
1323
1529
3601
458
4551
190
3666
2622
430
1899
1982
4505
2802
3776
2229
2470
2807
2864
454
3722
729
2594
493
1531
1464
2184
4659
3716
1109
2439
3007
717
1793
4887
4731
1544
2977
2267
4009
1244
4061
1606
3679
4457
3118
3801
1232
167
2099
4603
3208
1371
2417
4200
2347
4475
1399
4403
239
872
4850
3115
698
533
1945
369
1503
4062
470
3795
3646
4908
827
3618
1895
4549
1286
824
248
4562
247
2114
44
303
3936
4520
3884
3859
954
4738
837
2614
3737
2292
1712
4064
3136
3655
2081
4569
4904
1592
2176
2691
607
4181
1904
1419
4567
3445
2939
4629
3525
75
3499
155
1195
3663
3486
4157
2986
4985
59
94
2084
3625
2136
4185
351
1072
1594
188
3561
785
4936
2679
515
1850
1577
3592
3614
3863
4251
833
1518
4657
2083
1886
2878
2526
238
2487
2115
4730
2177
4370
1023
2708
2483
2235
3889
467
1498
186
731
237
3660
2155
1346
2921
656
2584
2254
1751
4751
4753
716
274
1578
4905
4658
4299
3366
2969
700
798
3594
2256
304
3277
2494
73
619
4531
3145
3658
4008
3712
243
3104
3763
775
4400
2443
901
4784
3785
2222
4155
669
1367
4579
549
2372
301
3745
3632
1867
1639
2027
1235
4377
1263
4526
4772
3548
586
1377
2295
2514
3155
4193
529
1830
3929
417
3471
2258
4503
1987
983
3474
3903
85
1572
4125
831
4834
2750
3977
2789
4836
507
984
4402
4130
256
1480
2909
4775
4041
3567
2520
3502
2945
4265
1183
4002
3610
762
4767
1258
3126
1980
4982
1908
2885
1600
182
1014
4088
1133
2089
71
1859
2315
4993
702
3873
1177
1316
2865
287
3971
4114
4460
1660
2026
4575
583
4997
4513
3168
2539
337
1229
1012
3781
845
4186
1748
2365
2389
1900
2032
3641
163
4917
1669
4337
904
1711
2067
4190
2104
1852
2623
4980
4245
1811
170
4482
2070
1426
3808
3475
82
3631
3358
3997
3046
3510
137
4198
376
3834
3500
4712
4472
2739
2022
4473
1320
3270
1562
433
1458
1937
860
1582
4970
4981
2510
2797
3538
2619
3174
4748
2662
1550
1940
2733
611
485
1585
339
2405
3798
3520
4191
2489
2432
477
3414
2836
974
469
2576
2051
712
120
447
3758
4353
2180
2029
31
175
1804
4937
4147
793
3570
3537
1291
3817
185
1990
3874
1848
1650
4766
2875
888
2187
3480
4483
4764
1276
4717
1238
683
3850
3792
3883
3030
2289
4910
763
2362
2210
1370
4863
3241
1715
4991
1499
4266
1338
2723
3055
378
1406
832
1536
4831
4020
2805
713
228
1801
4367
423
3335
3760
3012
3149
1357
2699
645
4318
3158
2923
1149
2377
2928
2983
909
135
3739
4332
3790
4430
4222
3245
113
989
905
1451
123
3989
3994
498
3780
4574
284
1150
1214
755
1368
4207
899
2759
804
1031
748
3802
1153
990
1910
474
45
1230
3361
4512
3732
3020
4788
27
628
3048
1492
4026
1173
2338
1175
462
136
2967
1534
4782
3509
4080
2752
421
4619
4448
3120
361
1951
3912
1398
690
1739
2320
4925
400
4903
1948
3516
4538
4926
503
3294
2558
891
2339
1311
3895
2211
4324
1397
363
2677
2274
3766
4333
4845
118
219
3176
1447
2185
164
1169
3937
2049
3097
4450
3021
3312
1746
4588
1308
594
43
1126
4929
3505
3133
2685
1989
3378
2703
3381
871
979
1765
3334
4896
1249
3427
4139
3513
2673
2252
4496
4129
4196
1853
3193
4647
1973
65
4440
4613
1541
1105
4466
492
4164
2891
4533
1266
3201
1542
4949
3026
4888
2794
1477
2402
3123
1976
3683
1063
3685
3757
1706
3161
2214
2261
2635
4790
1844
1210
4174
3142
3688
3301
2291
2
2918
3554
112
1037
3752
2458
2570
1882
1521
372
4035
1475
3450
1260
2031
3251
2018
3207
3532
4873
330
544
4986
1907
2009
2943
4856
4395
1253
1336
3004
1141
3257
3210
4013
847
639
3591
46
1274
3356
97
4031
3272
1351
1443
1567
5
178
3867
2143
3719
54
77
1759
448
13
3319
4727
2353
564
4087
1627
483
506
221
4004
768
4718
2611
1618
3656
3624
3765
3743
131
2742
1485
4015
318
4363
147
3360
1288
2068
1515
981
2205
3135
2631
2988
2846
1799
1388
2829
1237
3271
3304
3409
4635
2150
2278
4561
1434
416
2828
2734
2987
631
193
4263
3169
3973
3650
2436
365
3731
774
3922
680
1026
4204
4420
4348
1313
809
2701
434
781
4488
1111
1278
3962
3172
1176
1222
1724
3600
2298
2041
3481
2134
2207
1828
1384
3022
4456
2657
1088
1364
3598
558
2244
277
4523
765
4719
2465
1849
4203
406
3634
1707
3562
4067
695
4256
2819
2008
664
2821
4822
2813
3800
3332
4988
1086
4884
451
2730
3767
48
138
2333
1718
1349
2954
1621
4995
862
3742
3916
4029
4238
3345
4491
3310
2507
3957
3375
2092
2371
4101
3893
2195
2221
2762
3885
3113
3724
3616
2597
1271
1913
1429
2079
3006
2697
172
1202
100
1131
728
4889
194
638
1121
4651
3717
4040
4553
1893
1436
2308
4432
3147
1872
69
2369
2426
4510
1050
2326
3998
2754
1079
1931
29
1052
4192
4754
2580
1036
1575
2589
4356
86
2310
2013
655
2924
2263
3323
1046
1601
3703
4793
2930
2162
1795
200
4063
4644
2058
249
3094
1219
3105
3305
1354
4024
3231
4816
4070
1806
4309
4729
3684
2896
930
659
3891
960
3212
652
2004
2141
1128
2331
1032
1341
2245
4149
3017
4555
4389
3851
1190
2740
4992
3720
2287
4682
348
3506
2827
2191
1185
1325
2823
4732
2568
4557
2413
4034
3617
588
836
3939
3597
721
646
3807
1971
3313
1657
3682
535
3353
4964
2529
2625
2689
3539
2392
1359
201
1966
3709
1420
4854
4761
3622
3459
1783
1831
934
4447
4056
4565
4484
4592
1076
1892
2227
4442
3515
3782
260
52
373
3620
4972
1834
2753
985
1051
1620
2835
3250
1394
4161
4820
87
2767
1101
1943
1395
2913
4620
745
3667
820
1488
2322
3379
419
3405
2341
1495
329
3268
2849
414
1584
4773
3846
886
2639
615
3815
1196
3357
4500
1038
4726
208
2380
750
4048
1456
2435
1315
895
4334
907
1332
4273
1611
1421
3899
180
1548
4151
1044
4780
959
149
714
1689
4943
2219
4680
2518
3811
555
4388
3864
3448
3435
3363
1041
489
4301
917
2042
3947
1418
3467
2247
4916
3894
1223
177
566
2354
4827
920
3897
4007
1520
3968
1721
2769
2122
3423
464
4895
8
3232
1452
3330
2116
413
4021
1854
2866
1372
1747
3856
732
1028
3586
3545
2791
4909
4598
1059
2164
3704
4455
2241
4974
1268
2668
1215
4599
88
4915
1064
2596
3552
2666
616
4066
647
1383
1920
3331
4478
1829
2542
3452
2559
1091
331
1700
660
3853
1275
2667
3243
2937
2318
3384
3799
408
4954
1936
3865
4883
1442
3774
39
1568
1543
537
4210
250
2955
2527
2650
4308
4875
1510
779
4451
3267
4739
4933
3317
2888
2808
2839
4987
885
3417
472
1448
2429
1922
4099
2148
4690
4885
4001
270
1392
4132
2999
2870
2840
3876
1587
4545
4578
2706
2741
946
4844
1974
1509
4601
4818
799
3796
795
3066
1402
3547
181
2472
2947
2107
4126
1416
2779
4176
932
2545
894
710
4417
391
579
2160
2869
2535
3689
1698
2231
2553
1863
3199
4412
410
3472
481
1836
2926
1225
3156
1656
323
2841
1593
3813
403
3415
900
158
3344
1674
212
358
560
3412
1285
1040
3362
3130
4358
4384
1134
2606
688
4499
3280
1664
1322
996
2934
4563
4931
3902
1158
2059
1839
1389
500
3741
4328
2711
578
3016
2786
2390
2861
1074
3751
2600
1247
4141
924
4220
1540
355
4693
1957
2242
4998
4913
3217
4776
3010
382
918
1699
2307
3934
550
678
169
773
3129
1350
4017
2393
1770
4275
1424
596
3297
4401
1468
3163
4072
3404
1439
2128
897
3762
2217
1245
4781
1777
873
3380
941
2173
1334
383
1010
2871
2053
3497
2872
2072
307
95
2201
4683
2078
952
1704
4100
2832
4817
2818
4886
1062
1112
3266
3478
3260
3233
4354
2286
3835
1233
4607
3451
4504
2346
3116
2748
411
1478
2357
3729
4518
4213
1986
3387
1103
459
4524
4159
3037
2950
3219
4643
2538
3183
844
1796
4209
2816
927
3659
618
1617
2799
966
396
1187
2696
457
4587
1494
3956
2811
1607
557
3460
91
4011
1045
672
2536
653
1189
3406
1140
3374
1753
3403
468
3227
3476
1742
4838
3671
508
1890
2848
1840
1709
3754
1129
53
857
2218
2302
4645
516
4825
2204
1469
4036
4057
3483
629
3455
2240
1692
2784
788
241
4490
1018
2609
3081
1340
4295
4812
4108
3672
2801
2728
2502
4996
1070
377
2633
4860
3258
1267
2626
1663
890
4230
1690
2812
2404
2311
3080
600
1768
1708
4361
1324
2556
3425
3768
1431
1624
1625
2785
3187
3229
3518
2057
104
1941
4791
1519
1683
34
342
4708
203
453
399
2407
225
3700
3878
853
2234
2998
11
3025
675
1997
625
4994
2680
720
50
4813
3907
4958
585
1846
3465
1365
2197
108
2038
2604
385
2810
4242
4907
1428
1043
3308
1098
2387
2842
1179
4218
3092
209
4924
4604
4431
1891
4841
374
2138
2048
4661
2223
424
3318
938
2645
1615
3186
651
3039
2495
3555
3540
1186
2582
1404
4989
4215
2044
1304
1168
199
2337
3818
445
2461
4211
4934
1720
682
398
2877
1523
3814
1381
4244
1207
3385
81
999
393
4868
1289
1193
2175
3278
1649
4571
1856
4869
2340
4463
4774
2681
3638
2355
311
1009
4214
300
3590
758
2642
1812
563
2720
353
455
4668
4930
66
4465
257
1732
3572
162
3836
4050
1632
1637
1345
273
1774
2503
595
4104
738
1039
4521
818
925
2780
4049
2806
1609
15
1435
3875
129
4779
4167
1272
3148
1254
3536
1866
3014
570
3141
1130
916
1155
2319
2857
2513
2704
4137
3789
4796
4170
4572
518
3228
1024
2675
3495
4577
269
556
800
2820
4502
2915
3970
1408
1992
2933
388
1743
19
4158
32
1493
3639
4092
4532
4843
3049
3609
240
1545
3585
3373
4593
1644
4794
1306
2147
2452
2490
4800
3668
1876
1097
4697
2547
3980
612
3951
3986
4330
1727
1794
2929
2768
244
2172
2213
1672
405
3866
3930
1343
3394
2385
3805
4965
2002
3560
1481
3009
4179
4325
1771
1556
2516
747
2501
4770
1180
1205
2014
72
3843
255
4391
1790
926
4962
2531
4755
733
3649
2610
3128
1005
4127
2480
766
4426
2695
707
2492
704
4525
1596
1326
4506
2838
4438
2867
195
2316
3569
4407
4380
4399
3091
51
2091
1110
1815
823
2165
2571
2007
2419
1366
264
2071
633
4232
2721
3960
970
3252
851
4268
3077
689
495
2304
98
1119
1691
842
2352
2045
1125
4922
1409
3224
3698
4897
3221
345
2127
2976
2663
2266
3433
1474
306
4911
3578
1102
2916
2620
1122
4540
572
1676
787
2105
1539
1339
156
2189
1127
40
4073
1241
2481
1581
4594
4947
711
2364
4171
2958
1517
4428
17
4018
4411
4234
3926
523
116
2725
4543
982
1248
3137
2709
1191
663
623
152
1767
1557
2602
1580
4267
2996
3286
497
4807
2036
1571
2282
2233
1766
1
668
1375
1965
1171
1745
3972
3699
2771
1964
2260
368
2181
1302
1527
4410
1013
4666
2613
2550
3416
3281
1148
3692
2858
4249
1001
3991
4051
103
644
1838
2102
4514
3397
3535
2414
2990
4602
4452
1256
1756
1647
2368
4248
4852
1410
3202
3050
2975
4264
590
2751
4938
2309
2793
2043
322
3074
4932
2430
2450
1307
2294
3162
4527
3967
3821
210
4787
192
3072
3727
3673
864
722
786
148
1455
4327
1858
205
3070
4956
3389
2216
1161
1293
911
2831
1901
4415
3392
35
2248
3062
2968
4441
4110
1137
4296
141
3735
1279
605
206
3302
3831
2363
3205
4939
1651
4078
3068
3707
1095
4208
1473
4326
2239
2562
2781
3901
4097
3984
2994
630
2054
1956
2914
1491
577
3838
536
986
810
4202
4304
2230
4148
2624
3399
819
2798
2103
4335
1460
1697
2640
4632
2111
1422
3944
670
3054
1988
975
1875
4344
1918
4235
3410
387
1916
1312
955
26
2265
2431
2356
4221
3096
1212
3784
2449
2901
3664
3943
1991
4362
2476
4785
1583
2957
4212
2817
3697
3432
83
4281
1385
1773
4156
1942
4074
2561
4397
2572
2469
4392
687
2978
3733
3772
1869
3005
3924
61
3852
3321
806
2548
1441
4112
3029
4419
2809
4630
2466
998
1995
2169
2021
2630
3256
2564
2463
2710
846
1234
298
4665
4642
2634
2475
1360
2157
2500
2895
153
4046
2330
593
4019
3677
4497
1116
3645
1921
332
227
429
245
1471
1686
617
3411
3749
2297
2208
815
1818
1204
3402
3248
282
1785
2183
4703
3575
4501
2738
1885
1962
310
1299
3886
2868
4940
352
2087
4835
2349
4848
2925
1505
2237
268
2573
2020
3073
2887
1999
111
4259
4111
42
3969
4637
1813
2093
1569
4089
4486
3470
9
99
2003
4927
2884
3033
3282
3581
627
4679
432
589
4476
2737
3528
813
3871
427
591
869
2942
4597
4961
2670
522
4291
4462
4542
224
1633
4128
3879
2328
409
3089
1081
4255
2534
252
2063
3860
150
2388
4750
226
4315
1217
2931
166
3274
4352
2486
2532
315
4360
4103
2378
3746
2855
3587
3296
3132
4711
902
2151
4292
2643
3289
2076
3681
1810
2973
953
3919
157
2979
3477
602
4408
4404
4146
4861
3159
89
4686
3858
3917
1816
3454
1532
723
463
1952
3954
24
3223
2499
3529
2422
3463
4261
2757
4094
2672
574
2130
3942
4464
96
2997
4710
4716
3261
1470
1506
4470
2094
2551
3950
1579