4383
8833
3904
5869
9080
1172
8585
2366
8250
954
378
4161
5608
3949
8231
9376
4588
5582
5950
6290
4034
6551
1009
964
4617
5475
8193
9287
7066
3462
3496
3071
897
3757
8229
7785
2509
1029
5810
7581
259
1327
5414
4342
2546
1002
9572
121
8406
8529
2696
559
126
1110
4225
7046
5036
3788
1311
9444
383
4689
8379
4876
7523
5263
7446
8676
1920
4096
9591
7009
3276
5684
7522
7755
3287
7270
8248
4309
4811
5079
2521
2608
4173
7063
8238
8331
5114
2822
7869
7324
3065
5279
7786
4971
9416
6975
4903
5385
4214
7895
4415
4703
9095
7483
1223
5847
4112
40
4870
2499
6213
9011
8106
2556
9300
2309
8172
3230
7306
1220
3479
336
5183
2145
7400
8884
3978
558
2181
4183
6883
4779
471
1212
7614
5139
265
4516
4331
8018
7090
8721
4841
9783
5292
4472
4470
5467
1045
7699
5956
6850
1649
8097
6047
3661
2444
8417
7761
8904
8923
7420
2897
6118
797
7595
39
7988
9381
2799
572
4164
7436
8458
5879
9382
4195
4402
9140
4103
2452
5831
7913
3217
4845
8115
8880
5860
18
9125
6575
8444
8031
3633
3112
8232
3728
5166
3807
8981
6263
7511
4130
584
7289
1485
6175
6407
7967
9800
5230
1579
1975
6732
3999
53
6420
8638
9613
2555
6910
969
2149
481
748
4693
4158
7525
1633
6621
4728
7555
4099
2931
8760
2092
697
4739
9187
8715
1191
5178
4162
6784
6277
9257
1534
9294
9880
2199
6145
9983
324
9584
604
4378
5815
1402
1341
5077
8139
8403
1788
4379
8719
7841
935
6523
762
4011
5353
1454
8761
7464
8287
390
3102
8918
6715
6314
6899
4075
6764
4495
3636
8003
6039
5066
6196
7862
3281
5318
4134
9907
5971
1527
10000
2738
5804
8558
3246
3031
1049
3446
6275
4810
7911
1589
3124
3495
6212
6
6481
3520
4922
5501
2271
1763
101
1557
3211
11
6092
1011
6884
4981
6822
1158
3338
5123
8935
9949
7197
7942
4764
6311
9601
9206
1740
1821
5004
8682
2401
6687
1043
1082
4004
5480
3734
4367
7032
4014
9001
3860
4979
6524
4276
6860
1540
9801
8330
5774
2332
7979
3603
3288
2153
7004
8876
3655
3745
6449
2985
7620
8550
370
689
4459
4170
7048
9785
4507
6105
1184
4131
4681
6165
2712
2747
9145
4938
2086
6378
6435
2484
1623
578
9871
789
1584
15
9175
4154
179
7052
767
6358
4684
4826
4144
1135
1119
2447
1524
4594
6131
6080
9040
3647
5998
8233
7449
9927
9051
9037
5495
3364
4217
630
832
6216
8910
9824
9134
188
7402
3145
5788
5426
6966
8021
965
846
8378
6803
2818
9975
8786
8205
4175
6061
9501
2163
1681
6038
3540
8028
6660
5297
9654
6867
3193
6392
9929
7917
3103
8170
2331
9492
659
8087
4357
4896
4287
7119
3478
3104
4443
4931
3310
2212
4977
5533
4713
3871
5105
5465
784
8148
9317
7086
9180
2615
5362
4248
3154
633
7723
4412
4984
1074
3502
1123
2745
3225
5061
7008
3082
8186
5907
4836
7185
8493
1210
6571
5553
9077
7272
4151
9447
1038
2336
2767
9064
7715
8348
7267
1900
7527
2792
9780
5095
9813
23
8777
4198
7325
7155
5616
8824
8228
5842
8059
360
5711
9405
4107
5843
8591
5999
7044
5785
2912
2714
8262
5091
16
7604
1928
6880
8813
5288
8855
4802
6484
3914
365
8176
1857
9288
9183
65
4485
3979
5740
4350
5468
7378
8517
2720
3705
5369
623
9693
6374
7775
9769
7583
1761
993
6988
4026
5469
251
9450
8243
938
731
1897
3686
6811
9555
920
6829
2812
2888
1955
3850
3690
7116
1655
5549
3227
4293
7727
1868
7147
4207
1926
4618
190
6281
7704
5074
3469
4526
8113
8623
5407
7702
1663
8210
1362
3175
2909
3105
9548
229
2847
2880
7543
8081
1257
2178
7512
3265
7227
6309
9436
233
5000
1294
4722
3939
9100
6083
4466
2766
2651
1187
3153
5590
9309
8969
834
6865
2849
8376
6209
2368
1932
3208
5358
6836
6820
5209
723
5942
6952
1724
8339
4865
1493
8298
9261
8322
4328
9402
2002
59
3488
6973
8301
6279
2941
7789
8807
1651
7774
1155
4446
7411
8609
3404
1965
4048
5262
8644
7391
3432
5223
7972
7773
2907
3773
7882
9627
1424
6181
3144
9490
7039
6214
8872
4403
8747
6907
1533
6346
8540
461
6170
1095
9648
8439
7500
776
4406
7490
3791
4184
7830
1659
7905
2393
1489
48
6669
5925
4602
690
8515
106
9635
798
9343
2752
2408
3957
7981
3919
1575
3378
793
9740
2890
1563
5427
4241
4499
413
2208
2084
8350
564
9250
2094
1484
9980
5768
2087
2034
8548
934
8618
1945
7488
5124
3829
6848
4166
7379
3046
8019
5508
1884
3411
6478
4489
9176
1322
8472
5395
6187
6048
1779
1559
5181
1128
71
1125
6798
9988
5276
9668
8216
9897
1073
9074
2238
5185
4203
9391
9528
9836
1798
8412
9086
9697
6405
1459
5383
726
5093
276
1331
4243
2965
3086
8883
3425
5939
8356
1961
6567
3997
7687
4947
5243
5088
6677
5578
9340
818
6833
2599
6176
7743
6367
3614
9650
247
5780
2504
5947
4628
7737
976
5570
1840
1243
367
2462
2925
4803
3008
2228
103
394
5239
8020
9281
4347
6248
6283
5159
3038
9939
5055
2718
592
4816
9554
4067
7672
550
1209
2590
2825
7616
4047
3147
8906
9932
1296
9154
5931
3455
224
4924
8005
3575
1238
7310
3110
6565
2735
4698
364
7897
9967
8501
9807
187
4854
1304
6499
8183
6916
2032
3237
9237
7797
1715
8105
5636
5669
7531
3915
2972
4074
2921
2330
3450
3632
2136
1336
1449
5165
470
2550
7205
9754
6082
6815
8718
7839
8887
8962
7188
1896
9065
243
1246
9380
1114
667
1297
8024
3474
1342
7728
5299
516
6156
7538
3544
9135
2698
3090
5922
7368
6520
1580
2548
4654
8142
5927
2487
4364
3187
8227
5001
203
8222
4743
1149
3648
5642
3500
2511
5539
4948
1832
4163
8992
6065
8853
1781
3810
9596
3304
4789
2488
1355
9950
4554
8386
5189
9076
7167
9777
2239
8997
149
2353
7406
3092
5997
7409
8477
4890
1980
2588
7439
4572
5889
5442
2154
7157
4533
1069
66
8437
1638
4482
5602
7606
1722
4079
9353
4823
8900
1861
1023
9072
629
829
6602
562
4286
4960
3477
608
5255
1699
9199
9960
9990
1293
3804
6062
9279
5204
9174
2155
7644
1162
204
2083
4316
5192
1177
4475
3099
5914
3388
6142
5493
1847
105
5277
1640
9739
2837
6490
8859
2295
6459
1399
5547
2606
8741
6796
4512
99
28
3440
3645
6416
3658
1943
882
8685
872
6014
1183
6984
2664
8610
9916
8321
3982
1937
323
3876
8413
7971
7876
3316
5268
6414
2832
1537
5613
3673
4010
1858
7199
7482
7169
5819
3320
1463
2481
8576
7210
5795
345
8788
2619
5339
7914
8208
7573
2198
5612
3460
1214
9067
3875
8465
9687
9644
255
763
3574
7151
7744
2506
4881
8147
7228
8704
6999
4127
8174
6215
3381
8568
1784
4891
4688
1079
7768
3625
4964
1299
1479
8871
1606
7478
2690
638
5112
7850
5569
4434
932
2819
8694
783
6558
1445
4454
8571
3906
3298
4450
652
3449
637
2260
9553
2902
7812
2282
9102
9467
62
863
6262
4152
8809
1939
8251
1235
9674
9514
8598
9098
5962
1695
7675
9055
3766
9814
4479
8743
8488
3948
9616
5662
9863
9631
3620
9744
4089
5400
1195
1947
1587
7867
2342
9109
3675
2433
9025
5978
3854
6464
6069
9167
764
2209
626
5932
6736
6020
2862
7959
1411
9817
533
6691
8241
4965
135
8268
5371
8991
1554
4511
228
429
4384
1565
4992
887
7283
4583
685
9865
9005
9341
3472
8975
560
804
6885
4477
8697
6112
4598
9457
7192
75
7575
3408
2667
9226
6200
9729
8440
7642
5409
335
9781
8757
3373
7217
2246
3751
9120
1062
1429
4435
3722
8495
1964
3319
5244
6941
86
9006
6081
1487
3824
6777
1997
8030
9762
7649
3703
5086
8758
873
755
1467
1501
6818
145
4001
9170
7011
2553
5361
4678
8919
1799
3171
3714
2056
2964
7256
718
1251
7303
9640
1998
8490
9320
6205
2251
4843
1101
5319
5160
465
3232
5203
9602
5989
433
3436
2760
5127
1153
4985
2706
2061
4916
5094
7996
3890
9342
3874
4732
3553
7831
3669
6088
6637
9194
7249
2772
1743
3749
6323
8840
6608
9230
3009
307
3200
7335
2838
7006
290
7664
3409
3782
8342
4341
4069
8407
6436
2781
4216
5177
8202
849
1491
1106
1337
6944
955
826
6495
8785
133
7331
2915
1880
616
4982
4824
2493
871
981
3715
9371
8907
2327
9792
2923
6503
9234
2601
4869
8832
596
3616
5679
7828
607
2967
2911
2434
3352
9854
4445
291
8286
2072
8051
1321
4409
6957
3463
2522
622
2525
6501
4206
817
3350
8828
8419
3678
7780
3691
6486
9276
6504
3059
8912
142
6426
9210
9741
1906
647
8994
8745
7995
6592
7536
8799
7023
7114
3587
1370
2142
9517
3138
7329
4515
2351
3442
6226
5251
5603
6855
9941
1401
5081
8043
891
6879
8432
3336
1099
7593
5936
8391
1068
6594
9293
5528
7878
9248
5585
9336
3152
8360
4668
8710
6052
775
4796
2448
8129
5866
8782
1819
5976
714
299
7194
4210
8706
8577
6402
7000
3896
386
5492
5970
8206
634
4458
7201
7121
5767
7589
7734
782
3244
2010
5663
5928
9427
5367
2501
5157
8780
7263
3098
4424
6780
4864
947
7790
8463
5498
7661
1406
4265
8272
5113
5207
5896
373
7025
8090
232
181
2993
4091
8731
702
4108
344
5248
2005
8673
2241
7597
385
4083
4777
9782
1877
2502
5256
5320
2621
2144
7975
377
2060
6036
5152
9156
3732
6778
3107
9049
6404
4706
4019
5140
2354
7002
3356
5208
5483
5526
6559
1036
6010
1744
3134
5316
2023
7688
4821
7138
4375
643
8703
7029
7276
3572
7359
7248
2634
7307
1893
8909
7254
1466
486
6369
8083
240
7960
9936
4269
9479
8127
7239
4929
6201
3723
9732
2798
7598
5703
7448
5153
8753
4228
3035
5460
6870
5552
1876
8521
7742
108
7212
8137
6325
8497
2894
7475
8578
4255
8672
8067
3790
4044
7280
1381
9246
1593
3652
3533
2093
8579
9334
2770
1499
3093
1314
3516
9204
8414
8017
745
9533
7024
5854
8816
9390
941
4710
5560
8901
303
3070
6540
587
162
3945
7599
3247
7683
8587
7777
752
4359
926
8693
1052
8596
9117
8931
2443
5668
3654
2839
4371
2988
7952
9568
9478
1032
5275
5506
1309
4084
3053
4297
2318
9977
1100
428
1869
5898
1058
1742
4850
9653
353
1843
7740
3441
9469
5598
4619
1842
7195
704
7076
1830
6119
7014
4670
845
6953
1486
5128
1626
9982
3606
2247
4580
4306
8008
4545
6789
4907
8592
8775
8045
8801
646
5474
3546
5404
5176
1562
6974
3249
7703
4534
2058
5500
115
256
1697
7766
874
4990
5871
1684
4143
2254
8732
4886
3121
5529
2924
1790
7355
2500
551
9445
7456
7810
8759
9798
2278
9202
8131
6298
4076
1844
6607
4849
524
2926
2463
8514
2835
6247
2316
6412
5016
9779
7452
6510
5541
8220
442
7757
1107
8247
223
2603
5118
7508
2782
5372
2811
6166
6537
5782
2959
7060
2572
6211
8734
9571
6683
8738
8951
5796
6900
9647
1400
4930
1290
1159
7079
4118
7586
7216
4524
6033
163
1871
7621
2637
1236
9165
5986
2404
8690
8306
7676
648
3709
9358
9755
5867
7924
1276
5881
7762
7345
5196
3139
8677
4518
4330
8212
7899
1620
9435
8825
5410
6665
6755
5713
3697
5681
4215
985
5355
8489
5310
3044
854
9231
6955
6046
3905
8145
4005
2275
6905
657
5994
4679
567
6727
7547
3987
9374
8358
3976
5471
8429
795
774
8544
7618
9366
3916
9057
7341
7225
5037
7394
3946
4381
5422
6327
3989
709
1051
9617
8811
6826
6508
7682
3428
9560
2308
1346
7921
2564
9191
3362
9713
7909
2813
7752
3126
31
2514
1086
6769
2151
6782
421
9745
7894
7193
1760
4327
5503
4196
7904
9582
4421
7459
3764
3397
8483
1648
6296
4785
3492
5534
6799
1103
2096
7556
1542
5096
272
528
4000
5232
3852
6754
9723
6028
9844
2709
8763
2361
6990
423
7655
8025
8029
6831
7458
6173
9577
6757
1603
5581
2399
8132
9198
6989
9928
7769
2182
1255
1017
1553
9375
2285
6164
3797
4080
8039
2935
3531
274
8893
6706
998
9900
1935
9775
1827
650
3760
2478
9786
6161
8630
5625
9212
4419
6911
8475
8670
4627
9475
8165
3621
9470
8714
5559
217
2172
5825
9678
4900
5584
6525
8364
3238
7978
8373
1392
2341
8655
8074
2263
6415
7013
1717
85
4387
7886
3806
1686
9394
3416
5023
3203
8800
3165
5797
6919
9655
3314
6869
3523
7419
7792
7361
6120
2776
5144
475
1654
619
9662
2430
2358
9498
1318
6434
1953
5781
8971
7504
1285
1258
4049
7819
3342
3192
1807
2311
4687
7925
8973
753
6219
1629
7562
7338
446
7576
3963
2162
1525
4613
5017
3769
5064
951
961
3726
5832
275
8569
3643
6357
7156
5028
5513
6792
4202
7115
2205
735
6774
4569
2974
5639
9898
8473
4708
2971
3461
9386
8442
1389
8555
7377
1758
7814
2280
7677
979
2642
9321
87
1918
9304
5295
4002
1886
1588
9259
1750
1852
9921
8038
6496
2980
7711
5659
6016
3431
6728
5191
7278
2883
2946
3683
6631
7686
185
26
929
494
7243
7871
3501
8633
6430
2125
4279
9624
297
4653
3435
1127
5737
7279
7735
6344
3921
6873
9889
8688
1894
9606
9017
6373
3826
1518
3754
9440
9424
25
1200
454
5518
967
5225
9159
8661
862
7916
4761
6251
3264
6756
4638
7253
3561
8914
2659
7062
3221
7096
8842
6772
7451
5911
4542
9412
6095
4336
6225
9859
168
8296
5142
6681
2227
9787
362
5786
4566
4180
9129
2215
8305
5593
9142
5886
9712
9970
3122
3170
4285
3562
4440
257
9271
4719
6838
6906
6685
9215
3967
4906
9934
5261
7713
6005
7384
6470
6965
4231
8582
5161
7282
7854
2458
2663
908
4767
8963
7181
4302
9163
5100
2407
7590
2991
8892
4038
4082
9811
5887
1770
2429
9690
7421
4912
7885
9574
5761
1979
5337
2895
1952
3992
811
7218
460
5789
6671
1567
8449
8171
3752
1719
6452
1222
2007
1261
1476
6482
9013
8627
9030
6429
7951
1218
4528
7809
1496
9589
5626
3667
5246
500
3282
2437
333
1115
7484
8911
6507
904
5059
2250
1324
6518
9377
5551
2970
4956
2618
7813
8486
2421
5387
6582
8084
4562
6926
602
9221
627
2517
1116
8724
6996
5237
9920
9396
8869
3315
6550
6353
9499
8491
2794
5408
5838
3532
1464
7681
4441
9974
5755
4410
1483
1754
5834
6956
5676
6866
9298
6136
9771
9122
1418
8441
9720
2400
414
482
8052
4851
415
1621
447
3476
4875
3853
2296
4377
831
7357
8902
1431
9828
2138
5242
8271
4236
5555
1714
9190
7509
8135
5792
959
9118
9026
5352
6366
2323
1440
4061
6302
7353
2220
3582
4852
5274
4963
3960
6500
9224
884
7989
7596
1751
2304
9032
5131
2216
4874
6224
7311
1513
880
6076
3470
4340
4574
2771
8575
8675
4117
9656
5056
6522
2305
7097
1421
9344
5238
6927
770
553
8236
400
6644
9567
6633
7609
3651
1696
6051
4650
1673
519
9726
1820
4191
4953
1601
9672
4725
6153
2992
9393
6519
7805
4760
656
1667
7820
1756
9999
7514
4397
1690
6019
4697
9682
1148
6763
4066
9722
1080
7159
6590
3526
42
9727
3475
3087
8990
9222
2383
431
8790
791
1057
6585
10
6751
2438
3560
7068
4201
1762
4747
2649
9480
1286
6626
3341
6386
7175
7056
1427
6614
4494
8958
6703
4983
2141
1605
8635
3163
8657
4873
1333
2337
5915
9882
5041
4563
8037
6162
8620
8359
9510
603
1595
7496
1889
9126
1619
4353
7131
4088
1340
8121
9922
7387
4883
9090
4270
9873
8453
853
8522
8557
2098
1280
2938
4426
94
5174
1256
1615
8078
1809
6227
7747
2287
6539
3774
1685
8013
8535
3680
8438
3095
182
1555
2997
746
7443
440
7864
7078
1194
971
3954
1931
6664
5773
6511
9497
7398
8452
7837
6001
2014
3718
1969
4804
2090
5836
3283
910
6143
8023
946
4081
27
2338
1711
4640
9495
9137
2605
3277
6923
6701
1653
6068
1021
3400
7177
956
8683
8482
9730
4031
322
6152
5958
3243
9278
5943
7113
8152
8149
5754
3528
176
612
8395
3029
1081
1061
1471
389
5536
8320
8699
7061
7154
4505
7778
196
8957
2982
2389
7072
8905
4247
966
3907
7791
8015
8628
5496
1666
4658
4437
3891
8605
9544
8925
943
7877
2226
9407
8253
2194
3864
4318
3337
3843
7454
4552
6668
5861
1019
543
9359
5281
3928
3846
6003
773
2843
9455
9564
1774
3074
8505
9515
5453
4114
6835
6864
5758
8430
4608
6749
4790
4418
8368
3584
2558
6138
6485
3952
399
8608
4258
1091
1826
8562
5833
2104
9848
9959
2037
6232
4492
6635
2314
2432
8922
498
8277
1300
1216
930
1249
5154
1568
9981
7843
1412
869
7903
3389
7034
1015
4373
2113
3568
9885
5376
6854
5720
1841
919
7915
5136
2686
8209
7794
3731
636
7104
4362
4889
8380
4237
1766
771
889
7800
9765
7633
9996
8256
3322
328
6006
2065
5878
5038
70
2537
5046
9562
1273
8180
6998
545
2705
7453
7390
2070
4177
6172
6233
5963
3075
9728
6843
9651
7534
6024
547
1548
8334
2159
2454
9849
8388
8705
5443
2595
3395
3744
1586
1357
843
1506
7889
6135
7301
923
5607
434
7520
1060
8102
931
5130
5491
8533
6935
2775
9203
6317
8242
6992
3491
2576
3548
9225
6348
3149
1823
6380
4603
281
487
8798
917
4968
1999
949
7714
4022
455
7741
6692
1787
5811
56
9094
5210
300
2348
1765
1908
3924
6917
4360
5335
5759
5874
7793
284
3813
8821
1925
6015
1053
9856
2369
8680
4432
8071
614
2633
7719
4579
3464
9665
4100
1344
8069
1902
8307
9214
1962
8244
2431
2183
8998
6492
8660
7
69
4138
7674
4064
2554
3306
4860
3248
340
1526
5557
2428
4692
9273
6444
8134
7342
6134
9804
8428
7671
8061
6832
9046
8797
8094
2545
8519
7271
3212
952
9063
7247
8397
6557
2567
5382
7582
3554
6385
2721
6253
5777
7650
4723
9703
7145
1738
4192
3961
4244
8304
4291
1462
347
4189
9160
6363
5312
1064
6293
2264
6515
3937
6199
8293
4781
483
1552
2270
1910
1665
234
5459
7706
4366
8507
4281
9808
5170
6601
9997
4023
7569
8564
3816
5111
8214
6322
9015
5391
2918
301
7506
6862
9581
9992
1133
5682
6536
5726
7057
8303
9397
1976
4877
4245
5125
2017
1308
1907
1919
4667
2417
2765
4800
2644
5719
5511
1978
7600
1137
2460
6030
1047
8827
7388
8446
2503
7497
5697
3274
8831
9419
864
6648
9855
3863
2425
1687
1867
6904
6964
7393
5259
1171
9373
620
4976
3368
1109
2472
9985
6502
1647
6370
4895
8254
7084
8150
5425
5417
3515
3017
9991
529
6666
194
3245
6256
491
6824
4021
1789
5381
7804
2022
1723
4786
7808
5924
9692
898
9923
388
8056
8960
4388
9112
7059
1315
1298
7685
8621
8531
1854
2099
5561
8225
8696
2127
6351
7902
3140
7503
539
5134
4784
1905
8886
5448
9348
6767
5444
449
8723
997
1783
4311
9587
1348
7487
2272
7242
9603
7127
4109
1694
3550
2011
4227
148
3927
9552
2171
5600
1419
4701
2196
7634
2496
2834
6793
4862
7783
1087
1455
8494
9262
6067
6094
5002
2587
9518
178
8075
2688
4625
6099
9458
6809
3685
6797
158
33
5765
5908
2542
3956
9003
7584
8520
1142
4399
5977
2733
2881
2423
7669
5109
6942
2586
2864
6583
2415
2396
4547
885
6766
3141
7751
7198
581
6877
4593
419
2987
2284
2491
5011
1443
2892
2306
4952
473
713
9218
7471
5918
5903
3968
270
5033
5923
8574
2570
9978
2945
9354
4273
5022
4185
5406
3002
2981
1591
1403
7005
5638
6487
5205
8524
504
6546
55
7539
9894
2711
5938
3716
298
4712
3605
4050
733
9296
5622
1780
9434
1566
8328
2920
3762
8309
9157
7275
5070
9815
125
3629
4724
2807
7417
1704
4230
5198
925
4680
9911
1282
9869
1544
3869
331
2179
2398
1272
736
6359
7690
9861
8190
9351
8602
3014
7153
3768
4438
1520
5199
3204
6901
9181
2378
9448
5920
198
7220
9743
8622
8476
9258
8341
2505
2962
3740
5830
8751
8402
5063
847
5285
5805
8158
2485
4101
2808
703
1289
427
7392
9327
6121
9689
200
9245
5024
1604
1522
5540
5955
9550
122
7513
1185
8692
3434
1093
2731
5763
8125
8995
2302
2411
6360
8806
5484
6597
3899
3571
7222
3693
5366
7848
8934
8002
6300
9465
493
3811
1749
8597
8835
9384
1233
9590
6708
1000
1248
740
8035
5287
3576
8065
3930
2860
3159
6652
1895
1535
3113
5363
9075
6963
5640
3291
6580
4116
4918
161
6297
3218
9209
2419
7760
5688
4433
1650
8485
3573
453
2188
9530
495
3538
5968
7437
858
586
6037
9686
9361
456
6603
792
4649
7731
6303
3747
2536
5250
5574
5572
2804
1027
2942
6274
7630
5537
2707
8295
9106
7120
3508
7440
5801
5253
1420
6282
8010
2169
68
98
3781
1815
511
7922
8523
957
8941
8834
4629
8109
8665
3547
1343
216
1167
655
9511
1611
64
6750
1767
756
9852
6087
4070
5708
3207
6221
5340
523
7834
6711
7202
6897
2004
2983
3973
8141
5452
3224
1745
8266
6574
2796
3354
2773
305
309
9910
2375
7816
9886
1878
1150
5985
769
7434
199
9879
8838
2950
4793
6286
9705
5271
7269
160
4537
2111
7117
1182
1458
2899
5482
9905
8890
6700
5634
4831
7166
467
1671
1636
2800
1409
2728
7350
4564
153
4750
4544
5704
230
8654
2112
5009
6332
837
2189
7872
1416
8396
9710
361
7505
631
6921
2934
5252
8878
5396
8218
4468
1917
9021
5538
9588
914
6393
3739
7332
5357
2026
2852
1574
1465
2269
9417
8204
3483
1866
4980
9331
8551
1275
9715
7284
1383
1892
5507
452
3600
1706
4092
1253
9702
3666
5730
3859
7069
5953
339
6658
6089
2486
9542
7847
3047
4351
4431
3609
3902
4490
4307
1558
6448
7753
2901
5481
1226
7638
7709
2744
6735
6401
4911
3628
2203
7010
5995
6610
2875
9185
3814
7994
3602
7337
327
6198
4607
5981
9127
8427
9706
3160
9714
9891
8332
4498
2281
195
2476
3125
6651
2148
2206
1573
8804
8940
3984
2115
1131
3006
3128
7144
6488
6098
1776
2121
5718
6857
9683
7565
1924
7374
1480
1307
6394
4867
5195
4324
9585
5330
1571
1934
4033
4365
1930
8289
9841
6160
4655
1634
9833
7998
6337
5741
7273
1098
9266
7519
2390
3838
9297
6410
6375
1469
8066
6101
4742
6871
2057
6133
6920
9420
3519
501
9014
6730
5690
1439
2626
6347
7888
6979
7016
5762
8062
5502
8866
9360
7530
46
2730
9809
2031
310
708
197
2413
5241
3613
4727
6388
3527
2717
3392
3841
1468
4007
4571
7612
2600
4733
7042
2960
3986
1012
4744
9827
9867
8319
9909
522
2077
2677
7083
7441
4715
4787
6183
7776
1092
9268
6064
7572
2977
5829
7389
1680
5937
5338
4447
4550
9
8978
5674
4972
4857
9667
554
610
8006
890
1775
1887
565
4884
4771
6228
7570
5445
2050
5115
3155
6526
1676
7906
5743
8686
6371
3493
4837
4513
6892
6987
2195
2859
624
1398
8278
4902
760
4053
8877
561
5721
6556
3717
9592
5247
1683
463
4147
4783
2416
4820
245
1178
1076
7826
9830
7532
4349
478
2224
5249
5282
349
5733
8357
8502
3066
950
4530
3216
5742
2978
180
1447
7033
2015
2610
8843
458
2526
8671
8617
4676
380
6354
173
9965
4769
1688
6951
9966
2152
8009
2886
3120
7300
7624
8762
2255
4346
58
2930
1657
3471
6577
3398
7427
6775
6103
3252
9066
3624
6734
9663
6257
5769
4295
7124
6045
9709
7073
6230
3279
8742
9139
4853
8765
9103
2694
900
9007
1320
2788
879
1136
7984
4024
698
5107
4057
3294
1250
292
1213
5686
7098
6553
2133
1849
3111
5650
2385
4478
5673
8349
6674
9332
9524
3656
6238
4599
2381
4411
4395
1094
6210
5421
1028
4955
6310
1883
7946
3866
1822
2049
5068
8167
3393
9071
5731
1531
1656
5751
9485
8552
5025
8257
8802
4775
4606
805
5589
9252
1922
6055
3684
1644
8974
4017
2495
8118
3424
2261
580
8653
7369
8195
4413
6844
2949
6155
9721
8778
2613
2076
8851
6397
6220
3335
3557
4521
8049
7107
5725
606
3761
7772
3349
4540
1664
1054
3106
1193
9559
8050
2320
357
2722
856
7093
2217
4087
9838
140
8058
3142
4009
4115
4288
9607
1270
737
3511
7544
9832
5744
2851
9004
3794
3641
3720
4094
3985
7092
8461
2602
6102
9716
506
1004
1792
2703
7561
7376
1848
6914
3510
5348
2620
7146
8181
2515
206
600
489
4961
8525
7697
6157
899
2538
6753
8258
8781
7143
557
5921
6460
828
5698
3935
7040
1741
9541
8375
2803
4008
9575
9401
4759
1305
3358
7549
6721
7372
7887
8166
8619
3484
6428
8300
3535
1660
3882
7956
7309
17
8545
3096
7291
6409
9998
5309
4457
7571
6954
3331
1627
374
2362
9810
7234
5148
7568
5073
5983
7607
1949
1834
4085
2761
5993
6439
9881
2674
1909
1394
8772
4448
4729
73
7580
5926
9629
5479
3241
7588
8159
6561
2956
8503
6972
3631
329
2367
9887
3821
3396
3255
1731
9347
2518
9834
9319
5656
5576
7892
252
8716
3639
3994
2211
1703
5197
7918
5637
5377
6319
8850
3467
488
986
632
8756
2829
9260
8263
5696
3933
4656
3537
7930
8496
9289
9746
3097
6572
3564
4148
260
8177
9385
4799
3346
8410
3619
8040
3969
1317
4813
9866
5301
3100
3958
6453
8369
5457
2961
4028
3878
3327
9984
7521
1433
679
5090
8819
51
6307
464
4661
4121
1104
6613
5126
6746
2346
9819
4806
346
6842
4553
6179
9500
6465
1387
6383
169
6207
3596
356
6918
5739
5151
5949
261
4315
2695
35
1736
2685
1564
9284
170
9413
2492
6295
296
9711
1968
8945
4501
8423
4709
6922
1141
5930
8972
1360
1192
7422
2783
9362
5043
5623
2157
525
7725
2729
6057
2236
2593
2737
1816
9545
6245
3566
9111
2969
5934
9503
918
1708
590
5839
1801
665
8746
2146
7730
7679
1478
815
3037
3585
9029
7051
4156
1371
7628
3257
5006
8014
7426
2397
3185
6379
1689
6945
8196
1614
3168
3345
7018
3938
5562
4035
3094
7255
7928
1831
9525
8327
5341
9326
3443
3390
4259
9482
212
4322
6254
6356
3895
76
9917
2376
4308
7838
788
4182
7472
9101
2856
3784
5991
3623
722
4032
4951
9860
3083
4249
5521
9044
4815
894
5580
6454
8469
2710
253
2841
8632
6858
3011
3719
9312
8
407
5180
757
761
5060
3617
644
1810
3057
6740
5868
3758
8447
1825
6345
8965
9387
4408
9938
7546
6808
14
8615
7463
4020
9504
1817
7290
3670
113
5075
3959
7334
3371
7585
8930
6255
2547
5558
6530
5212
7403
803
6801
7515
3868
9410
4098
7884
7476
5076
5476
8700
4120
9292
1950
1691
1013
8001
3746
9275
3872
8124
2229
7466
8351
2679
1859
5
724
9047
3036
2054
9124
9738
3423
7857
4648
6605
8344
2075
3542
3108
4314
2459
1477
6350
436
1602
4535
6760
7492
6446
8484
3
7203
6676
8111
7696
5846
3426
1310
8219
5103
2527
210
1164
7099
9481
8649
2387
7318
9008
4695
3343
8345
1982
8968
6903
3988
4320
6168
7336
9752
8032
5823
7927
8915
6647
2294
1753
9956
2130
3638
8143
6739
7418
9310
3366
6612
5800
6027
1812
9283
9041
5509
8474
5458
4814
45
8283
4030
8986
2592
5544
5840
8736
4941
1642
6943
4077
6127
5039
350
1368
3695
9684
7465
579
131
8155
6925
3453
6419
8079
2607
6544
8863
4700
3344
4694
8793
2898
3088
5233
781
4645
7317
6889
4643
1313
5101
6827
8230
7035
8112
5667
9685
7110
1682
6468
2051
144
2713
5155
7204
8398
2913
4605
8326
9657
3309
1923
711
6368
7858
403
4791
868
5437
5827
9092
9285
2422
2937
8318
5494
8773
1042
7226
8036
13
8744
7933
9406
3849
7640
1237
7425
6059
8546
6320
588
6403
9189
5342
9491
5606
996
4901
9146
6288
258
3164
4303
1329
3382
6184
3376
9307
3334
3465
1228
5258
2520
8189
7949
341
5179
1492
4637
687
3259
1457
1853
4522
2116
716
6074
940
2230
4596
3545
8007
9132
2708
7970
6509
8466
1582
878
4422
8086
2979
6421
9695
1521
6783
5855
720
6287
7165
5517
7999
653
5283
7968
8226
7383
542
2028
1361
1845
5440
2585
6413
2242
4326
1885
1312
8913
8924
1508
7055
5611
1970
5265
3626
9508
1837
3041
9816
150
7123
7729
3313
3970
3039
5951
4753
4493
112
1958
1425
6384
2673
9875
3251
8752
6203
2335
3069
4469
2435
4165
4176
1797
680
9050
435
5411
6699
3944
1260
8239
7149
5700
6758
7232
7125
8607
7997
7566
9264
3302
5592
8116
744
3188
2165
3694
4060
4959
2863
3189
2365
9089
5220
1105
4071
7493
5052
5575
412
7129
1576
6859
8377
7592
159
609
9790
2391
9796
9056
7259
6116
1163
835
8215
225
4040
8943
9379
8980
3421
282
8861
6318
8953
7763
4139
156
1422
1796
5655
466
2868
4420
9526
2101
6321
6852
5959
3301
2453
729
9039
6578
5010
2629
9630
6878
3724
9179
5952
8933
2566
2457
2377
664
6053
7993
8290
4246
3444
4321
3653
6294
2903
1730
7178
3229
7507
4369
9597
7526
6239
4920
7297
4549
6839
4506
5961
7495
8684
6598
5030
9188
7221
6291
8107
1229
4187
2687
7082
677
4090
7423
7866
2639
8808
8510
1494
116
4319
1612
2359
9704
9078
5026
9249
7765
9113
4597
7779
8989
3402
114
7749
492
571
859
9378
7983
5599
6787
9325
2900
2343
4718
6012
7498
9857
2734
4740
1211
4525
7293
2508
9773
8722
2905
1890
6876
1373
6566
4827
3150
7148
6723
3931
371
7095
44
6587
6072
2036
8643
2627
3630
9812
924
4546
379
6729
171
5173
9551
2135
6017
9355
3459
8565
6340
548
6308
7499
6629
2573
6071
8674
5568
7219
8384
3809
1450
840
2129
3273
8611
3498
9364
3569
6599
2405
1224
3981
9496
1986
4882
6810
5862
2672
6819
220
1838
7170
5222
7429
215
5402
8993
9338
2612
4299
9731
9598
8261
7860
9673
6638
2297
3663
5515
4926
1835
5236
3005
9531
6042
5451
5029
2660
6630
1581
4389
1698
6937
2774
4140
4610
5717
7319
8794
1850
351
5106
3505
7992
2976
9733
2571
719
968
6466
820
4632
4577
9595
5657
3556
4332
7901
801
994
3892
5450
4065
6781
1369
72
1530
8518
5764
1678
8381
9153
6241
9263
2041
8789
3789
2173
4211
2746
1637
2207
1173
3792
6342
5933
7564
939
5194
4253
249
1441
3800
8624
2650
3971
8487
7929
9119
7948
9439
7602
2789
5996
118
2758
613
4996
7347
816
5852
4405
226
5057
5415
8302
1785
7028
7795
2611
8534
9213
6670
9821
21
5433
4559
3753
8270
1113
8701
7558
9472
568
7716
8848
6656
2048
808
928
4179
8201
6748
6180
9621
3374
4313
5329
8583
591
3755
2128
2544
9388
7845
7563
22
6032
9418
3456
2174
5214
4284
5594
6456
8178
8200
3357
2513
2466
2855
2559
4078
472
9953
2604
4928
1267
9235
6924
7964
6912
7662
2471
5666
7003
8595
34
308
8858
9993
4242
5289
408
875
2283
870
9924
3698
2975
9699
4429
4635
2693
3055
3503
1863
7746
3818
8728
5364
2012
2201
706
4762
9306
2723
9164
1616
7299
1670
3983
7184
3180
6000
1375
7788
2914
4738
2363
3130
7137
9534
2973
67
6043
9878
5146
9565
8949
3214
3950
6204
5699
7022
6391
9614
3178
9850
239
9822
1008
164
3801
2778
7367
1169
3454
6167
6705
6888
7631
3993
3260
669
7710
866
1617
7186
2243
4631
7468
5058
9925
9700
8085
5137
9242
6260
7934
9756
8179
6316
8822
6696
3201
3668
8868
7187
7128
5412
4036
696
8110
5489
7665
9059
7537
3702
9679
5428
8329
5646
6816
1328
8464
4711
683
9558
9972
4699
2412
4934
7707
1030
812
8450
4797
9053
3457
1408
7320
3489
6078
9403
90
9799
6569
4209
7340
7821
9764
5325
1338
906
4685
2994
9580
1692
5390
5119
4898
2507
155
5727
9593
7645
7386
1541
8333
9016
8260
8310
5344
5456
970
8593
2560
8103
209
9324
9937
8100
3386
8411
3367
9097
9823
8516
2753
5304
2043
7088
1824
7087
8964
5964
3004
8467
6661
1379
2317
982
3975
1625
5597
2371
7883
7265
5596
4967
5685
2307
8882
6400
6717
2609
6779
8658
541
5902
4058
8846
1438
1268
6527
4707
3884
432
535
6724
191
2999
391
3803
5654
5485
2161
6545
9329
7295
8606
1984
1735
8136
7339
4312
7623
5040
2325
2218
3191
9084
4830
7486
7667
8586
8498
5200
2669
4480
4451
2995
3235
1160
6285
836
514
9024
8713
7827
9561
222
4043
4137
7823
7238
5707
3333
8144
7314
3610
8434
6645
8117
3522
9054
4531
5736
4731
319
1003
5346
6191
707
3793
8812
9688
9295
4132
1432
7292
8091
375
7722
8839
6791
8549
7455
625
6461
6280
1967
418
6894
9563
3822
6246
4262
9940
3222
8601
3101
5122
1512
4370
9349
3091
152
7467
9594
8016
2158
9462
6231
9902
3028
5672
2290
2253
4974
717
6398
3179
3962
6185
82
295
7182
5894
6049
2535
3711
948
3027
1157
43
2344
138
4073
3913
1941
4514
4749
4354
3330
6335
2691
6476
9945
6406
7296
2025
8128
5524
3427
4682
8267
3659
4266
9330
7344
8405
5487
2186
1803
3834
7656
6814
6636
5219
5724
6788
110
8895
4274
7945
280
7091
1725
2551
7067
8080
6128
7142
3355
6971
6237
3016
459
1165
2584
2557
2623
5532
2954
6747
4686
7191
2579
3311
8874
4662
1768
9605
9010
3412
3206
8921
4464
4570
9034
3133
5757
2844
8626
201
9626
5290
4219
9868
3076
1196
5078
3129
2574
4465
5211
2910
3146
1739
7447
3799
4280
5266
4126
758
2874
1936
8908
3947
1726
4335
267
6178
6720
6041
8926
2784
9719
5787
7874
1960
4834
8046
6896
6970
1898
8580
8767
8614
1372
5665
9884
9846
1176
1461
5439
3415
2140
1608
2785
6130
6946
5746
3901
9658
2929
7172
9232
3635
8048
3081
1374
7868
5556
6579
4251
7477
5586
7043
313
2055
9883
2836
381
7433
7501
7365
227
6932
6961
6096
8894
9570
1186
2632
3514
1239
2494
6018
4471
5116
6271
9433
7435
3796
2379
3844
3837
3079
5844
4808
2370
5716
4105
3650
8637
3391
9240
4452
315
5188
2436
61
2420
5735
4380
3646
6352
3384
6688
2904
2439
599
5618
7626
4766
7077
3579
5032
2360
7641
2193
4317
827
7510
4839
6106
6073
5322
1188
2110
4428
2791
3351
9035
8371
5272
4256
1108
8947
6111
9521
3419
9088
2040
3166
8317
4626
9748
3802
7330
7700
5156
6457
7969
3851
8184
2355
9356
2139
3239
8735
7168
5084
397
6807
5890
1991
334
9274
9963
8948
8160
4966
3263
7798
7893
1989
6154
2184
2468
8425
287
639
6475
9147
7287
119
2850
6719
5393
2301
8537
6616
6643
4600
8426
9128
2286
2984
1111
5405
9576
5870
6399
9502
3127
1231
7109
6469
3198
9600
7991
4358
6690
1805
7587
9058
5891
3026
5399
1147
1460
7366
7759
8899
7639
1007
532
5658
8478
2156
5645
1366
6395
5664
9661
6425
2392
1241
4456
6431
2030
2374
7171
8433
1662
3770
8810
3660
9073
5732
9451
4425
9767
2866
6329
1378
278
9018
7346
5850
5020
2440
7879
5756
7705
9772
244
8401
1495
1232
6817
4940
8954
7304
9430
1599
2071
8625
8346
218
4833
2666
1386
6840
2109
1470
8889
3830
1507
8187
497
9486
4104
8280
2191
8393
1391
814
8089
772
3713
2445
38
6697
1303
5042
2541
7829
7408
2000
5909
6659
2948
3420
2469
5588
3507
5164
3580
7362
9895
1914
3689
5630
1364
1227
6139
1026
6845
2095
7101
5752
3123
5050
5917
2582
5848
4548
2388
621
9243
7856
1066
32
999
7224
6381
5462
8072
3022
7787
2625
9540
9818
8224
8740
2312
384
1882
1395
6983
2658
2933
2410
3043
8418
1915
2479
7461
3117
1959
9217
6193
5375
1302
9664
9906
4226
2743
9512
2426
3509
2176
6223
9233
4414
8572
9625
7134
555
9449
372
3840
4943
2877
1377
8526
2764
1295
2768
4586
3525
1572
5615
3559
6084
4386
4612
128
1039
9476
60
2068
3856
8532
3597
6978
1862
615
1622
2409
4221
6025
593
6689
4660
1330
396
4555
7298
3084
3942
8047
8034
2827
4474
2046
3067
7518
1156
7371
8060
7094
4334
915
6752
6202
2754
4015
2187
3359
8898
3258
738
4819
7594
8454
5514
9460
3512
1070
2003
2170
1316
3162
6066
9280
3256
7432
8281
1963
7736
7659
4382
2636
5047
9442
8367
6535
8942
9315
4622
4705
7065
5564
4503
3767
6795
5054
8390
6483
5117
213
5488
29
3857
6011
2943
4200
1279
5877
1547
3324
3581
2715
8702
7958
6512
352
3555
8000
8666
7229
96
1350
7658
1134
1502
686
1037
4536
2780
1145
5034
2029
4614
2117
6299
1083
5702
2277
3325
2386
3707
8920
3640
8506
4046
8269
8400
9114
6773
3741
7541
1577
5254
6151
800
1873
6548
4939
8867
2059
2081
337
6328
1367
8815
5778
5324
1067
5347
4997
6324
6595
4856
4675
1839
3599
4393
8864
7286
3776
8754
9031
7161
3539
3894
5432
2066
3586
6108
4172
660
7601
4235
8011
6615
8500
7977
9569
6389
9753
5007
7985
3228
5766
9788
4146
5794
1334
5234
7891
2062
1523
1624
369
937
9954
6085
1154
8151
8353
7136
81
3300
4576
7001
3451
4136
5579
566
9892
3220
147
2936
4665
4861
6968
9143
1444
2214
4222
4788
7822
2867
7781
1397
3370
3941
3795
5545
354
9958
6189
9835
7382
4919
8573
3671
6830
9759
5388
8881
5643
980
7489
3601
405
839
8175
4560
3775
4333
9149
5591
5845
6641
1517
3173
3137
5709
7351
1942
4942
8561
8245
8982
8985
7190
1772
9392
7782
4232
6269
3665
9908
7824
9520
9487
9751
5531
833
3867
2274
2008
9691
1139
4473
1864
6733
2292
3701
1325
9291
8431
9926
7660
4508
7343
7236
5647
4261
6805
6163
231
3326
8737
8830
6886
4223
518
6554
3223
6252
2262
5635
9255
8315
945
5013
5336
6771
7176
9735
7122
9452
4102
1707
107
6802
6040
9083
1277
7241
302
654
2114
9825
2631
749
9776
6623
9543
9633
2896
7085
2580
921
5333
8240
130
7863
3422
6650
6408
7240
3269
4385
4275
2893
1306
5816
7516
794
8651
93
907
3521
4296
2079
4218
2759
1417
8292
480
4106
5168
376
893
6159
5228
537
5218
9971
8856
838
9087
505
7274
241
601
1607
9806
3552
4863
8324
6447
6887
7316
7257
1721
1048
5710
6940
2882
4674
395
5520
779
4844
5872
6634
3591
8879
5420
3285
3278
5045
237
5807
3815
8457
2809
332
9969
9062
6514
2823
166
9618
6622
2395
9604
7414
5158
306
9670
8847
9851
368
3021
1339
6618
2221
3007
6107
6002
5284
5865
8338
8527
1488
2064
988
6284
7825
7875
7545
7037
1144
1549
3848
821
6994
8188
4417
8805
5110
5587
3003
520
88
6123
9952
860
6893
5945
5883
5803
314
4310
3612
4
2347
2583
9535
649
1631
9506
1628
6821
2594
8538
7708
7213
6334
1598
7567
1870
3783
1204
2122
8707
2861
7395
8897
5446
7636
7717
3157
2080
9948
6144
4178
8646
5631
4119
80
9742
3733
9632
2762
5349
219
4123
3708
4936
8252
1973
8221
694
9123
1846
4585
9138
1345
6194
2237
6312
909
5687
100
1733
2102
574
857
6008
8294
7266
5738
2998
7457
973
8826
9116
2483
7237
422
6029
3909
8667
5317
3558
7738
9421
273
1217
8511
2380
5326
3842
4263
7861
7646
6433
5670
9121
5693
2732
3940
3072
242
8068
3353
2470
3365
5969
6517
1993
3482
611
4059
1035
1981
9197
5397
7953
3161
8776
5706
1022
6158
3681
3109
8138
2947
3184
3058
6516
2329
7611
850
9172
9060
7415
5083
5745
5298
2293
9527
3730
9659
3196
7533
4855
9395
1700
9468
4768
3634
4233
3025
1995
1181
3253
3578
6268
7381
9637
7932
5750
8770
3284
5308
6480
4691
5791
7910
6552
3499
2654
6542
3377
4702
3517
2498
6995
7758
9843
5610
9036
8408
9903
5809
2816
8169
271
8448
6969
7926
4529
9404
9507
7629
6663
6267
123
7250
7100
1940
8679
8203
4756
2134
7553
3405
6250
1085
5217
3418
7430
8308
3965
5722
9768
5671
699
739
4893
4757
4229
3696
3926
3832
6654
6493
127
4045
167
9136
4337
2848
6441
1166
9002
9639
2578
4272
6794
3820
3226
8636
4496
3951
2131
5990
2339
6738
1904
4621
9566
3687
9774
4128
1347
2704
2373
1727
1710
9660
1271
9069
9350
9130
3321
5359
8340
5403
6849
852
1044
1033
640
1490
4859
8499
4018
1376
7881
4476
4905
8421
1207
7632
192
1262
7670
8157
3622
5863
4423
1546
830
8708
5620
7244
6243
3413
2569
1874
1916
4690
4624
7208
2857
6177
7214
448
1084
6698
4735
8026
6377
49
1024
4828
9698
342
6632
1031
5121
1737
5812
1075
9778
3272
6376
5535
5523
5864
5828
4825
5138
4558
363
6549
1712
1778
512
1352
2456
8455
8191
8070
1356
5519
1514
2150
990
5893
9305
7528
725
5424
3215
9158
7524
3589
8456
3266
8104
6056
3293
6313
7835
2045
3577
8553
9766
8481
1938
172
1561
4782
7920
9666
4587
6292
6471
1811
6149
2085
4998
6192
977
263
2204
8739
2103
7815
2164
5314
6588
205
2597
6694
7610
6538
3143
1759
7118
6800
1202
8695
9962
7720
4323
2701
3329
3805
2801
3486
3051
2464
1428
7089
662
1041
1254
1396
19
8650
1180
3318
2033
5048
84
4792
6479
721
2519
355
8313
4159
7103
9612
6349
9874
4372
5677
8709
3034
4937
8123
8849
5505
5360
754
4720
9955
6473
6244
5012
2119
3823
409
4894
5982
2497
9251
8362
5858
5691
9831
7152
1326
5133
8337
3490
7358
759
7438
8662
4150
4639
1511
4616
8096
4539
4887
9105
3943
441
5229
9696
4795
6531
3012
3001
1933
2653
7579
962
9205
987
1005
9227
5434
1274
9546
4568
7833
6823
538
3289
5802
1284
6851
6593
3858
5753
8938
9979
7811
7262
1265
3996
2
8153
3177
184
7223
3116
5760
3845
6684
8584
2225
7550
8896
2465
5880
9169
6709
8659
1205
9636
9301
2441
7047
8140
2197
3233
3855
2549
6195
6529
2039
462
9547
2069
663
7071
1912
7627
8098
1538
9052
5771
9701
2105
8282
8513
4556
6581
9611
1879
1804
9247
3485
4646
3174
4460
6541
9267
6675
3494
2628
6182
7840
3240
4003
688
1529
7818
8366
4908
9649
4461
5692
594
3530
5423
942
4927
9229
4746
8590
9870
1010
3819
8817
9494
5120
6714
4095
79
3677
8604
6097
813
2027
8956
7846
3481
8663
2267
5069
186
1630
3541
4430
1966
7026
7139
1434
36
8639
5499
8022
8528
1089
1475
8387
1247
6463
1055
1063
8820
7807
1672
183
867
1405
311
7363
9339
2697
912
8852
8979
4944
5167
5226
1618
9893
1050
6091
3132
6206
2740
5987
6744
1132
2624
2213
1911
2917
5988
7445
526
7322
2952
3181
577
4188
2919
8053
3439
916
9802
2244
9000
8275
2021
9634
358
751
1359
3458
635
2958
4969
7966
7470
9104
4497
3406
8119
5798
1332
8771
2073
5008
401
6007
9896
4773
8814
6856
645
2333
321
1746
2820
1365
8077
317
8668
207
2953
5313
2840
9995
3073
1791
9951
5652
4301
1497
9211
7965
1865
3448
9446
7802
701
7130
445
4878
9770
3210
3637
4199
2167
5525
4006
6682
3977
2235
6726
2539
7302
9842
5563
6497
2614
7836
7976
7980
5530
1426
8748
4509
6521
9899
595
8787
9009
5897
136
8641
2529
2352
5723
6768
9532
5689
4716
5463
9994
549
4110
2589
5108
316
7931
6533
9513
8211
7245
9426
5378
4056
4504
9409
7919
1610
7939
1668
3735
8711
4945
6584
7064
1301
9876
6639
7548
2303
509
4578
4124
4487
8733
7106
5546
6997
3980
7954
5885
5701
5790
6913
4611
89
6673
9438
9423
4355
9931
7635
4055
6528
796
3861
3991
6790
8415
9763
1020
1956
6655
8492
5984
264
2340
8093
2288
1645
8409
4748
5929
583
7907
6289
3549
8122
7870
6741
4591
7668
960
9890
4113
5305
9677
7258
9793
9316
2826
531
1292
6915
4277
2474
5380
7305
3254
6938
6259
8004
6109
2143
5651
9357
1669
1764
8316
1795
4304
2279
3908
7950
1528
5351
8385
700
8114
7150
7923
1025
7986
2345
589
4642
6890
5099
7070
4267
1532
4973
1632
9522
8977
6022
5628
705
7031
4488
5661
3268
1539
3468
193
8213
289
8581
8803
8063
6104
5438
9253
4394
5280
1855
9443
2824
410
8264
1813
117
5851
8361
768
508
7370
9794
7745
4925
1500
8967
5343
7912
4427
3054
8422
8766
8865
3627
7962
1088
2645
7732
3513
3394
573
7689
2652
1190
6959
7853
6114
8999
3750
2451
9333
189
747
2682
1120
3964
877
8237
9509
7399
903
7135
9789
3808
2671
6947
8955
1609
7108
5454
3567
1652
8347
6315
5300
1503
527
7806
2655
6841
3934
3929
6132
8857
7328
102
3340
1974
5477
9110
4871
1777
7937
936
7852
5334
5954
9749
4168
2013
4805
7133
3480
3361
8946
5323
3280
8182
1259
503
4257
6339
5044
4904
802
6716
9862
575
7554
3779
9277
6506
8681
7817
8064
8642
3787
7615
1992
9464
5051
294
8509
1112
3563
4401
2878
2927
5464
5175
9200
6240
6576
3642
4652
4238
2256
1519
7693
5619
9171
2830
2097
5660
6948
4181
8795
4234
8126
2876
7164
47
3504
9622
6236
3430
7041
576
7160
2124
3242
1056
2063
6427
8468
3292
7622
7075
5455
6570
7140
2940
2234
617
5206
5965
5416
4730
398
7469
6909
4348
2928
6882
7944
4659
8720
6604
6264
4260
4239
3151
6110
1335
1197
5473
9987
4954
8185
2828
8541
3182
5065
9680
2598
6513
2273
6372
3865
5097
8265
5441
3827
4651
727
1732
3236
1944
6190
3966
6474
9671
4051
7552
4726
2461
778
8343
2516
8299
8108
605
5187
1263
4527
4584
1097
5014
8095
2736
6218
4204
3452
3672
3078
1143
6330
9178
9964
6242
7260
1138
1129
8120
556
3706
3828
6745
9805
8235
2932
3615
983
1006
1677
1802
9961
141
5633
1281
7684
6704
3209
5327
5567
2719
8297
695
7349
4657
9523
8249
741
3447
2328
5162
3883
5617
5216
3524
2240
3737
4582
3765
7680
8312
4294
9290
6620
5171
7481
7657
9538
7397
6846
3148
6270
5957
8285
9724
3900
6991
3676
9370
5876
393
6534
2523
8470
8937
9620
9912
283
9096
343
5979
2200
2989
4155
5888
6776
3020
5972
6928
157
6117
4268
9256
9760
9012
2845
8436
9944
1679
2232
7855
9244
8223
9411
5609
457
4484
2540
9115
111
8755
4847
886
3888
8929
9027
2647
7663
9915
411
8539
2683
8559
2126
5967
6050
5080
9282
1596
1771
3045
2854
8976
9957
2185
8451
3887
3873
3061
2908
4292
1225
4758
7648
989
420
1410
4772
4391
5169
2349
1641
20
92
3303
7288
7294
6505
6619
2689
5859
2222
6573
2249
7442
9151
8983
5354
8314
202
2473
9081
4517
8875
2160
5512
5770
7027
6004
6437
3295
468
1800
5714
8543
6306
2872
4063
1773
7784
9872
6124
5818
6234
3812
1117
9610
5857
7450
484
9177
2777
4993
4897
8656
692
4818
5365
6278
9784
1473
12
9033
2384
6361
8885
7936
4169
1560
7880
9942
2616
9586
2382
7261
5379
569
2630
4398
165
3385
2291
5817
3487
4502
5675
1927
425
7560
7058
7473
1077
404
4880
7517
6980
3990
9694
474
5021
2001
8984
7943
2300
9638
9853
9236
841
5431
6707
5793
8197
3922
9308
7935
2543
732
6837
4345
9038
5202
5190
3710
1718
9323
9337
6929
2489
2741
5629
2661
3880
4160
406
9459
9048
5466
5085
582
7173
9466
6063
7230
5583
5694
6472
507
4778
3417
1161
5776
2403
2879
3721
3712
684
2814
4780
3297
6765
2884
7180
6600
2739
1071
4683
7947
5822
7542
6743
4822
8198
8950
7799
6417
3743
437
7619
9918
5193
1808
8370
8099
6326
9270
293
250
4356
8554
742
5632
9068
4561
7982
2552
4644
6931
3885
6761
4543
9539
7132
1734
8311
3271
2175
359
5035
2315
5224
6075
426
5516
4212
8284
4949
5554
3903
9182
7754
2168
4193
6343
2656
8648
7323
6122
6875
330
6169
57
642
911
4463
3473
9641
2810
4736
2450
4416
1278
2324
2916
5913
2475
7206
5601
9761
3414
3798
7559
325
286
3049
7407
5098
4672
2869
728
1351
3611
3862
6737
7252
2067
2052
5132
8234
7771
4868
7049
4541
5841
4807
2951
8279
387
6625
8779
9272
953
4935
7694
1102
8818
3119
7015
9223
2406
2100
8932
9314
2020
2887
9441
41
6115
2326
9473
9968
8844
5849
5267
238
9313
6731
2258
5461
5641
6150
6341
9652
4240
1515
4500
8536
5184
4817
9573
3772
6863
5653
2322
510
3363
4737
3019
2968
5392
1096
2268
9456
5005
5470
9148
2575
9935
7312
9428
7801
842
4453
6861
5747
4714
2871
2442
5331
8560
9718
5293
9471
1456
3674
1436
1769
1208
2480
6249
2108
2939
7348
9186
3886
5542
6825
1757
2319
6609
1170
9707
6891
7105
9079
9628
7431
5806
1990
1806
2692
4866
9352
1674
5227
9519
2321
4455
208
4835
790
6976
5649
3825
8154
8480
4838
3565
3688
9829
1118
5835
2123
5296
4197
4025
4575
8092
6451
5147
992
6611
9858
7796
9286
2793
5260
7333
2749
9669
6458
5565
277
6596
8547
8076
3972
3270
8424
6442
675
8917
7360
2074
5644
3033
8567
823
416
2427
1971
9238
9399
9425
4633
6564
5527
4615
1266
3290
2276
6786
2047
1639
8460
1244
661
3771
6710
3917
4991
1283
4950
6770
6804
9837
1442
6902
2885
710
4557
9609
3250
4636
9676
266
6555
9368
1705
146
5912
4339
1199
6217
3156
4872
4609
3369
2394
777
9363
4987
4486
7019
1814
2662
4190
4595
9299
7268
4932
8383
2166
628
4520
6387
8589
7750
4581
1872
4910
4641
424
3700
3312
7625
1929
236
9150
9303
4774
6125
5071
5680
9986
2873
2670
7200
2252
5436
9144
2078
855
52
443
9847
2038
4157
4068
9737
666
1140
3777
5429
8603
1818
8689
8769
1384
214
8542
7491
4962
9599
4842
7551
8823
3183
109
3889
7890
1287
3570
1252
9184
6985
6186
2700
1675
5447
1569
6562
517
7012
7654
3649
5695
2806
4013
7692
2638
1472
3013
3194
9795
5389
1543
469
9133
8246
1481
50
3060
7054
8325
7691
8664
2477
3085
4153
3847
8556
7326
3048
8588
9372
4344
6079
3595
2414
7957
7617
2805
221
288
2833
2180
1901
2299
490
132
8783
6445
5748
851
6261
9536
6365
4300
4439
3219
2120
8033
5813
7764
4254
3199
5245
4041
7770
7502
9367
5386
1413
3763
4305
7651
4957
3998
8355
1987
8634
6396
9431
326
9579
9383
5286
1957
8291
74
3588
8594
1078
4647
1556
7577
3608
7974
2137
7162
2561
9623
9254
4899
3590
5856
7030
3114
2795
4167
3438
4913
2192
4523
7474
2591
4673
54
3870
4604
883
5370
6627
7183
6423
6035
5053
3534
9973
5784
2177
3786
1913
8323
3704
4283
1851
1482
1985
450
9797
4027
9099
1635
7141
3052
2259
6881
6949
4122
7540
5678
5231
2842
2757
2726
5960
3536
4174
6722
2190
1203
2646
1545
4086
9483
7174
785
8192
1245
8669
905
5595
8443
3328
668
6438
6725
8276
6222
3543
5257
7196
37
1323
865
9346
2657
6874
4510
6477
8012
8382
513
2821
5571
1423
2858
5820
1146
4734
4072
809
8891
2955
1988
7898
641
730
4879
4809
4666
7647
8952
3835
7724
6589
5449
9933
4754
8217
3347
7412
2053
9505
6301
8027
6960
7678
2018
8640
5935
9736
9820
9207
6021
6686
6113
4590
8600
1288
24
3778
5510
3380
881
5548
5683
2922
1390
479
1828
4763
4634
3080
9578
4620
995
1590
933
1888
7126
5472
9463
8374
4989
7701
9152
6140
1264
6137
3131
7535
6333
8631
6276
6908
9043
9208
338
499
9219
3466
2769
2990
6547
844
1130
3833
4194
8837
2210
6411
9228
8691
8445
1175
502
4467
7591
4848
5573
4407
892
974
1090
444
5018
5172
1613
6422
4462
1600
3881
4664
1752
5015
7401
6147
5808
235
9489
9734
7842
4374
6148
9415
4741
2684
5306
1996
30
8647
9758
7605
5303
4093
451
5307
1516
4282
1206
5027
129
6624
2763
7017
7494
5143
1435
618
3429
658
9681
3898
963
1954
8712
3234
1860
9220
8130
9845
8435
563
4186
6054
3974
2512
5543
1793
6265
3158
7045
5715
1448
2906
6695
7315
2563
8255
4208
7264
1404
9408
2681
5135
7308
4914
439
4917
6762
7748
4858
4915
7375
137
2364
2678
4278
104
3348
3604
7413
7908
3202
2716
3205
9826
3879
438
8939
7246
9166
4921
6828
7424
3118
8966
1693
2853
8504
4481
7053
2817
3403
6305
4133
9192
7007
552
1748
5614
4400
1951
8471
6432
5311
4933
4037
5853
1782
6868
7111
5149
9946
3167
6672
2042
8717
7405
4978
1358
476
7235
8862
1903
3032
8854
7080
1597
1349
8335
7373
6939
975
3918
2889
1215
8764
3323
1034
9162
693
1643
6640
7865
3213
8996
8336
3839
1972
9042
7179
4213
9028
3953
1179
5102
9019
1661
6424
9195
7251
3936
9173
9549
1510
3387
9877
1354
7285
2648
8073
9141
7050
1977
7695
5775
5413
2310
8394
285
5705
1658
3785
2223
4538
5129
2702
2528
7479
7938
4923
5566
678
8274
9913
9365
5186
4846
7428
7666
1474
6693
598
2565
2643
4042
7020
5418
9901
1046
9717
8512
9302
8088
5201
7081
8726
4801
1230
8613
4062
5141
1380
5490
2418
139
530
5910
6532
1891
8678
3592
7207
1430
9216
2748
6266
9488
5087
3267
6450
978
9919
6568
4016
3518
4565
3932
681
5019
4329
5648
7637
2996
2668
9484
1446
3401
6443
1747
5270
9328
8645
6077
4363
91
4669
902
7021
6489
3015
4298
6657
8796
8936
1592
6491
9196
2533
83
6258
2334
3836
1152
824
6023
1504
1550
1040
3912
2727
2640
5948
3664
1946
6806
9930
4141
4840
5941
6060
6126
6462
521
2424
5992
5350
5624
6171
3307
8873
8727
2019
4097
5072
4252
5302
3877
9432
8829
5919
7961
2024
2009
5772
477
8404
536
9474
944
7940
9429
1126
6188
7112
2044
3040
1570
5974
5269
3064
4149
134
5873
2202
5944
211
6642
1219
1948
3375
4135
1713
5904
3923
3275
5221
4975
1585
3308
5368
8836
1583
6174
3317
5294
2831
5332
248
3018
6273
3068
177
5213
6494
3030
7557
3176
3682
5821
3042
124
8173
3186
1001
4220
9839
3736
3583
382
4376
63
1701
6093
8363
1353
5067
6362
6993
3437
9107
676
1875
7163
2219
534
4630
6606
9914
8784
4532
9335
1498
4696
5384
8352
786
7189
1122
6304
1415
5783
2482
2265
3399
3995
269
9976
1291
4909
1829
7973
4396
9155
1646
5104
97
991
5875
4592
1240
5728
3925
9803
2699
8146
8927
5278
3831
4776
570
2986
4888
7574
4171
1201
348
8988
4623
671
312
2467
6981
9085
2797
2617
6141
1124
8841
8044
1269
9989
5882
5826
8041
5884
822
1453
7900
9241
2106
6543
3172
6895
2966
6813
4444
6680
9389
3433
2118
1856
4721
5089
9022
3910
9904
1551
765
6070
6930
1385
4361
825
8459
4343
9400
7211
819
3780
9747
2356
7277
4271
8042
8479
9265
2035
4770
7721
262
2132
5734
6586
3077
5905
8273
1983
7832
6013
1994
3062
750
7712
5900
9082
7313
6390
2089
2449
5946
780
3135
7485
9454
6090
9556
1189
5240
3748
4290
3050
1059
4765
7352
8164
8749
3360
5082
2742
9437
3644
5401
2870
4745
6834
9461
9583
901
9619
8057
2635
392
4491
175
5577
485
8259
5504
6702
5062
5824
2088
6129
6678
4832
5892
3662
4052
4798
6898
984
5435
2755
9345
2787
1242
8392
3725
3817
7578
5356
5092
7851
1729
9757
4264
861
3497
5901
6653
7215
2530
9161
8750
5215
7990
9239
318
8987
6591
2779
5814
2233
5419
1755
6713
1014
7416
913
6646
7036
7385
95
6364
2963
4029
6440
3692
2725
8399
7896
3339
4946
2641
6338
6498
9020
4567
896
4368
5749
9557
1702
9477
7803
7321
7859
6628
7038
674
9131
5973
3023
6086
5031
3261
807
5374
5291
4671
4404
3010
6936
3593
9193
6950
430
1388
2490
5478
1221
2957
5899
7603
151
2724
4573
8288
1452
8199
9108
4039
7529
8082
888
7726
3000
5182
3299
4390
4885
8725
6649
5049
9061
4205
9537
3657
4995
6026
2289
6331
1594
8354
4289
673
2082
9369
2006
2751
1716
4601
3195
7102
2402
2532
5550
8860
6235
8970
8055
8566
7396
254
9322
5627
3738
4392
8652
2665
8389
9750
4751
6146
4125
2455
4892
1728
4551
4012
4442
5497
787
7462
6933
320
4338
972
9168
8372
544
5235
6467
734
8959
3897
8616
3063
4145
8162
9646
9091
2446
7480
2562
8101
6031
1319
7356
3231
5799
1168
651
597
5373
5486
8687
3056
1505
3529
3305
5940
3699
7444
4970
672
8133
2815
9422
2248
3115
7756
3089
691
1382
5163
9791
515
3893
6872
4663
8194
1234
6058
3296
6336
2298
5398
8698
2675
2622
7987
1
2846
766
9201
7231
7643
9615
8791
8365
3372
1072
8508
799
8207
9093
9888
2568
4054
2107
2091
8768
8462
682
6560
8156
6982
7380
4958
2786
6563
922
2257
5145
6617
2802
8870
9269
1016
6967
8888
9642
3955
848
2577
3756
9725
4111
7955
5345
9529
2790
3190
5975
8961
9493
8944
8416
4224
6197
1174
1121
4142
77
1720
7608
2313
8163
366
4449
78
9840
3383
9516
9675
6785
7963
7718
810
279
8420
4129
143
9943
9947
2266
3136
3551
7364
8629
2357
5430
7849
715
5729
1709
4483
2596
3445
1393
8599
402
7074
1794
2531
6742
876
3598
2510
7460
1414
3729
7613
3024
8903
3332
4589
5712
8928
743
2534
1536
9398
8168
7653
3679
6958
6977
4829
1151
9645
3607
5394
6208
1578
7739
4755
3506
3759
1065
2676
9643
9708
1018
2756
9453
6009
4986
2891
2147
246
1437
6455
7767
3262
3379
6712
4794
1786
546
8612
6100
8570
268
4436
7354
6718
2245
8161
5837
9311
3594
9414
3169
4704
4752
6759
1451
3197
3618
7673
2350
3727
6418
5916
585
2016
7281
670
8730
6662
5980
6812
2524
7404
6986
6853
2372
1921
5328
5895
1198
5264
9318
8054
8774
2581
3742
5321
9023
304
8916
6044
1363
927
806
5605
174
5604
4812
2231
5966
7209
154
712
6679
6355
5003
7733
895
8530
5522
4519
7327
4352
8563
540
3920
7873
6229
7844
417
496
4677
4717
3911
7652
6667
1407
7158
6847
1836
5906
2944
9070
4250
4994
3410
1899
9045
1509
5150
3286
7233
6382
1881
5779
9608
6034
6962
6934
5273
6272
3407
958
4325
5315
8845
120
8792
8729
2750
7941
7698
4988
1833
9864
5621
2680
2865
4999
7410