1

1

10

10

100

100

100

1000

1002

1003

1003

1003

1004

1004

1004

1005

1005

1006

1006

1007

1007

1007

1008

1008

1009

101

1010

1010

1011

1011

1012

1012

1012

1013

1013

1013

1013

1014

1015

1015

1015

1016

1017

1017

1017

1017

1018

1018

1018

102

102

102

1020

1020

1020

1020

1022

1023

1023

1024

1024

1024

1025

1025

1026

1026

1026

1027

1028

1029

1029

103

103

1030

1030

1030

1030

1032

1032

1033

1033

1034

1034

1035

1035

1036

1038

104

1040

1040

1041

1041

1041

1042

1042

1043

1043

1043

1043

1044

1044

1044

1044

1045

1047

1049

105

105

105

1050

1050

1051

1051

1052

1052

1053

1053

1054

1054

1055

1056

1057

1057

1057

1058

1058

1059

1059

1059

106

106

1060

1060

1061

1063

1063

1064

1064

1064

1064

1065

1066

1067

1067

1069

1070

1070

1071

1072

1072

1072

1073

1076

1077

1077

1078

1078

1079

1079

1080

1080

1080

1081

1081

1081

1081

1081

1082

1082

1083

1085

1086

1086

1086

1086

1088

1089

109

1090

1091

1092

1093

1095

1095

1096

1096

1096

1097

1098

1098

1099

1099

1099

1099

110

110

1100

1100

1100

1100

1100

1100

1100

1101

1101

1102

1102

1103

1104

1104

1104

1104

1105

1105

1105

1107

1107

1107

1107

1107

1109

1109

111

111

1110

1110

1111

1111

1112

1112

1112

1113

1113

1113

1114

1115

1116

1116

1116

1117

1117

1117

1118

1118

1119

1119

1120

1122

1123

1125

1126

1126

1126

1126

1127

1127

1127

1128

1128

1128

1129

1129

1129

113

113

1130

1132

1132

1132

1132

1133

1133

1134

1134

1134

1134

1135

1135

1136

1137

1137

1137

1137

1138

1138

1138

1139

1139

114

114

1140

1141

1142

1142

1142

1143

1143

1143

1143

1144

1145

1145

1145

1146

1146

1146

1146

1146

1147

1148

1148

1149

115

115

1150

1151

1151

1151

1153

1153

1154

1154

1154

1155

1155

1155

1156

1156

1157

1158

1158

116

116

1160

1160

1161

1161

1161

1162

1162

1162

1162

1163

1164

1164

1165

1165

1165

1165

1165

1166

1166

1166

1166

1166

1166

1166

1167

1168

1168

1168

1169

1169

1169

1169

1169

117

117

117

117

1170

1170

1171

1171

1172

1172

1172

1173

1173

1174

1174

1174

1175

1175

1176

1176

1177

1178

118

1180

1181

1181

1182

1183

1183

1184

1185

1185

1185

1185

1185

1187

1188

1188

1188

1189

1189

1189

119

119

1190

1190

1191

1191

1191

1191

1192

1192

1193

1193

1193

1194

1194

1194

1194

1194

1194

1195

1195

1195

1197

1197

1197

1197

1198

1198

1199

1199

12

120

120

120

1200

1201

1201

1202

1202

1204

1204

1204

1205

1206

1207

1207

1208

1208

1209

1209

121

1210

1211

1211

1211

1212

1212

1212

1213

1213

1214

1214

1214

1214

1215

1215

1215

1216

1218

1219

1219

122

122

122

1221

1221

1221

1222

1223

1223

1224

1226

1226

1226

1226

1227

1228

1228

1228

1229

123

123

123

1230

1230

1230

1231

1232

1233

1233

1233

1233

1235

1235

1235

1235

1235

1235

1236

1236

1236

1237

1237

1238

1238

1238

1238

1239

1239

124

124

124

124

124

1240

1240

1240

1242

1242

1243

1243

1244

1246

1247

1247

1248

1248

1250

1251

1251

1251

1252

1253

1254

1255

1255

1256

1256

1257

1258

1258

1259

126

126

1260

1261

1262

1262

1263

1263

1263

1265

1265

1265

1266

1266

1267

1267

1267

1267

1267

1268

1268

1269

1269

1269

1270

1270

1271

1271

1272

1273

1274

1275

1275

1276

1276

1277

1278

1279

1279

1279

128

128

128

1280

1280

1280

1281

1281

1281

1281

1282

1283

1283

1283

1284

1284

1284

1285

1285

1287

1287

1288

1289

1289

1289

1289

129

129

1290

1290

1290

1290

1291

1291

1292

1292

1293

1293

1294

1294

1294

1295

1296

1296

1297

1299

1299

1299

1299

1299

130

130

1300

1301

1301

1301

1301

1301

1302

1302

1302

1303

1303

1303

1304

1304

1304

1304

1305

1305

1307

1307

1308

1308

1309

1309

1309

1309

1309

131

131

1310

1310

1310

1310

1311

1311

1311

1311

1311

1312

1312

1313

1313

1313

1314

1314

1315

1316

1317

1318

1318

1319

1319

1319

1319

132

132

132

132

1320

1321

1322

1325

1325

1326

1326

1327

1327

1328

1328

1328

1329

1329

1330

1330

1332

1332

1332

1333

1333

1335

1335

1337

1337

1337

1337

1338

1338

134

1341

1341

1343

1344

1344

1344

1345

1346

1346

1347

1347

1348

1349

1349

1349

1349

135

1350

1351

1351

1352

1352

1352

1353

1354

1355

1355

1355

1356

1357

1357

1357

1358

1359

136

136

136

1360

1360

1360

1360

1361

1361

1361

1362

1365

1366

1366

1367

1367

1368

1368

1368

1368

1368

137

137

137

1370

1370

1371

1371

1371

1371

1372

1372

1373

1373

1373

1373

1375

1375

1375

1375

1376

1378

1378

1378

1379

1379

1379

1379

1379

138

138

1380

1380

1381

1382

1382

1382

1383

1383

1384

1384

1384

1385

1385

1385

1385

1387

1388

1388

1389

139

139

139

1390

1390

1391

1391

1392

1392

1392

1392

1392

1393

1393

1394

1395

1395

1395

1395

1396

1396

1396

1397

1397

1397

1397

1398

1398

140

140

1400

1400

1401

1401

1401

1401

1403

1404

1404

1405

1405

1406

1406

1407

1407

1408

141

1410

1411

1411

1412

1413

1413

1414

1415

1416

1416

1416

1416

1417

1417

1417

1417

1418

1418

1418

1419

142

1420

1420

1421

1422

1422

1422

1423

1423

1423

1424

1426

1426

1426

1426

1427

1428

1428

1428

1428

1428

1429

1429

1429

1429

1429

143

143

143

143

1430

1430

1430

1432

1433

1434

1434

1434

1435

1436

1437

1438

1438

1439

1439

1439

144

144

1440

1440

1440

1440

1441

1441

1441

1441

1441

1441

1443

1443

1444

1444

1445

1445

1445

1446

1446

1446

1446

1447

1448

1448

1448

1449

1449

1449

1449

145

145

1450

1450

1451

1451

1451

1452

1452

1452

1454

1454

1454

1454

1456

1456

1457

1457

1458

1458

1459

1460

1461

1461

1461

1461

1462

1462

1462

1462

1463

1463

1464

1464

1464

1464

1466

1466

1466

1466

1467

1467

1468

1468

1469

1469

1469

147

1470

1470

1470

1470

1471

1471

1472

1474

1474

1476

1476

1476

1477

1477

1478

1479

148

148

148

1480

1480

1480

1482

1482

1483

1483

1484

1485

1486

1486

1487

1487

1487

1487

1488

1489

1489

149

1490

1490

1490

1491

1491

1491

1493

1493

1494

1494

1494

1494

1494

1495

1495

1495

1496

1496

1496

1497

1498

1498

1498

1500

1500

1500

1500

1501

1502

1502

1502

1503

1503

1504

1504

1505

1506

1506

1507

1508

1509

151

1510

1510

1510

1511

1511

1511

1512

1512

1512

1513

1513

1513

1513

1513

1514

1514

1515

1515

1516

1516

1517

1518

1518

1518

1519

1519

152

1520

1520

1521

1522

1522

1522

1523

1523

1524

1524

1524

1524

1525

1525

1526

1526

1527

1529

153

153

153

153

153

153

1530

1530

1531

1531

1532

1532

1532

1534

1534

1534

1535

1535

1536

1536

1537

1537

1539

154

154

1540

1540

1542

1542

1542

1544

1544

1544

1544

1545

1545

1546

1546

1547

1548

1548

1549

1549

1550

1551

1553

1553

1554

1554

1554

1555

1555

1555

1556

1556

1558

1558

1558

1558

1559

1559

1559

1559

1559

156

156

1560

1560

1561

1561

1561

1562

1562

1562

1563

1564

1564

1566

1566

1567

1567

1568

1568

1569

1569

157

157

157

157

157

1570

1570

1571

1571

1572

1572

1572

1573

1573

1573

1574

1576

1576

1576

1576

1577

1577

1577

1577

1579

1579

158

158

158

1581

1581

1581

1582

1582

1582

1583

1583

1583

1583

1584

1584

1585

1585

1586

1587

1587

1587

1588

1589

1589

159

159

159

1590

1590

1590

1590

1590

1591

1591

1592

1592

1592

1593

1593

1594

1594

1594

1594

1595

1595

1595

1596

1596

1596

1597

1597

1597

1598

1598

1599

1599

1599

16

160

160

1600

1601

1602

1602

1602

1603

1603

1603

1603

1603

1604

1604

1606

1606

1607

1607

1608

1608

1609

161

1610

1611

1612

1613

1613

1613

1613

1613

1613

1614

1614

1614

1615

1617

1617

1618

1618

1618

1619

1619

1619

1619

162

162

162

1620

1620

1620

1621

1621

1622

1622

1622

1623

1624

1624

1624

1625

1626

1626

1626

1627

1627

1627

1627

1628

1628

1628

1629

1629

1631

1632

1633

1633

1633

1633

1635

1635

1636

1636

1637

1637

1637

1638

1638

1638

1638

1639

164

164

1640

1640

1641

1642

1642

1643

1644

1644

1644

1645

1646

1646

1647

1647

1649

1649

1649

165

165

1650

1650

1652

1653

1655

1655

1656

1656

1656

1658

166

166

1661

1662

1662

1662

1662

1662

1663

1663

1663

1663

1664

1666

1667

1668

1668

1669

1669

167

1672

1672

1673

1673

1673

1675

1676

1677

1677

1677

1678

1678

1678

1678

1679

1679

1679

168

168

168

1680

1680

1680

1681

1681

1682

1683

1684

1684

1684

1685

1685

1685

1686

1687

1688

1689

169

1690

1690

1691

1691

1691

1692

1692

1694

1695

1695

1696

1697

1698

1698

1699

1699

17

17

17

170

170

1700

1700

1700

1700

1700

1701

1701

1702

1704

1704

1704

1705

1706

1707

1707

1708

1709

171

171

171

171

1710

1710

1712

1712

1712

1713

1713

1713

1713

1714

1715

1716

1716

1716

1716

1717

1717

1717

1718

1718

1718

1719

1719

172

172

172

172

172

172

1720

1721

1721

1722

1722

1722

1722

1723

1723

1724

1725

1725

1726

1726

1727

1728

1729

1729

173

173

173

1730

1731

1732

1732

1732

1733

1734

1734

1734

1734

1735

1736

1736

1737

1737

1737

1737

1738

1738

1738

1739

1739

1739

1739

174

174

174

1740

1740

1741

1742

1742

1743

1743

1744

1744

1744

1745

1745

1745

1745

1747

1747

1747

1749

175

1750

1750

1751

1751

1751

1751

1751

1752

1752

1752

1753

1753

1753

1753

1755

1757

1758

1758

1758

1759

176

176

176

1760

1760

1760

1762

1762

1763

1764

1765

1765

1765

1765

1765

1766

1767

1768

1769

1769

1769

1769

177

1770

1770

1770

1770

1771

1772

1772

1772

1774

1774

1775

1775

1775

1775

1776

1777

1777

1777

1777

1778

1778

1778

1778

1779

1779

1779

1779

1779

178

1780

1781

1781

1782

1783

1784

1784

1785

1786

1786

1786

1786

1786

1787

1788

1789

1789

1789

179

1790

1791

1793

1793

1794

1795

1797

1798

1798

1799

1799

18

18

18

180

180

180

1800

1801

1801

1801

1802

1802

1803

1803

1804

1804

1806

1806

1806

1806

1807

1807

1807

1807

1807

1807

1808

1809

1809

1810

1810

1811

1811

1812

1813

1813

1813

1813

1813

1814

1815

1815

1816

1817

1817

1817

1817

1818

1818

1818

1819

182

1820

1821

1821

1821

1821

1821

1822

1822

1822

1823

1823

1824

1825

1826

1826

1826

1826

1826

1827

1827

1827

1827

1828

1828

1829

1829

183

1830

1831

1831

1831

1832

1832

1833

1834

1834

1834

1834

1834

1835

1835

1836

1838

1839

184

184

184

184

1840

1841

1841

1841

1842

1842

1842

1842

1842

1842

1843

1843

1843

1844

1844

1845

1846

1846

1847

1848

1849

185

185

1850

1851

1852

1852

1852

1852

1853

1853

1854

1854

1855

1855

1855

1856

1856

1857

1857

1857

1857

1858

1859

1859

1859

186

1860

1861

1861

1862

1862

1862

1862

1863

1863

1864

1865

1865

1865

1866

1867

1867

1867

1868

1869

187

187

1870

1870

1872

1873

1873

1873

1873

1875

1876

1877

1877

1878

1878

1879

188

1880

1882

1882

1883

1884

1884

1884

1885

1885

1886

1886

1886

1887

1888

1889

1889

1889

1890

1890

1891

1891

1894

1894

1894

1895

1895

1895

1896

1896

1896

1896

1897

1899

1899

19

19

19

19

19

19

190

1901

1901

1901

1901

1902

1903

1903

1903

1905

1906

1908

1908

1909

191

191

1910

1910

1910

1911

1911

1913

1913

1913

1913

1913

1914

1915

1915

1917

1917

1919

1919

1919

1919

192

192

192

192

1920

1920

1920

1923

1923

1924

1924

1925

1925

1925

1925

1925

1926

1926

1927

1927

1928

1928

1929

193

193

1930

1931

1931

1931

1932

1932

1932

1934

1934

1935

1935

1935

1936

1936

1936

1937

1937

1938

1938

1938

1938

194

194

194

194

194

1940

1942

1942

1942

1943

1944

1944

1945

1946

1946

1947

1947

1947

1947

1948

1948

1948

1948

1948

1949

1949

1949

1949

1949

195

195

195

1950

1950

1950

1950

1950

1950

1951

1952

1952

1952

1953

1953

1954

1954

1954

1956

1956

1956

1957

1958

1958

1958

1959

1959

1959

1959

196

196

1960

1960

1961

1962

1962

1962

1963

1964

1964

1964

1964

1964

1965

1965

1965

1967

197

197

1970

1973

1973

1975

1975

1976

1977

1977

1977

1977

1977

1978

1978

1979

1979

1979

198

1980

1981

1981

1981

1982

1982

1982

1983

1983

1983

1983

1984

1984

1985

1985

1985

1985

1986

1987

1987

1987

1987

1988

1988

1989

1989

1989

199

199

199

199

199

1990

1990

1992

1993

1993

1993

1994

1995

1995

1995

1995

1996

1996

1999

1999

1999

20

20

20

200

200

2000

2000

2000

2002

2002

2002

2002

2004

2004

2005

2006

2006

2007

2007

2007

2008

2008

2008

2008

2008

2009

2009

2009

2012

2012

2013

2015

2015

2015

2016

2017

2017

2018

2018

2019

202

202

202

2020

2020

2020

2021

2022

2022

2022

2023

2023

2024

2025

2025

2026

2026

2026

2026

2027

2027

2027

2027

2028

2029

203

203

2031

2031

2032

2033

2033

2033

2033

2034

2034

2035

2036

2036

2036

2037

2038

2038

2038

2038

2039

2039

204

204

2040

2040

2040

2041

2042

2044

2045

2045

2046

2047

2047

2049

205

2051

2051

2051

2052

2052

2053

2053

2054

2055

2056

2058

2058

2058

2059

2060

2060

2061

2061

2062

2062

2062

2063

2064

2065

2066

2066

2067

2067

2067

2068

2069

2069

207

207

207

207

2070

2070

2071

2071

2073

2073

2074

2075

2076

2076

2076

2077

208

2080

2080

2081

2081

2082

2082

2083

2083

2084

2085

2085

2085

2085

2086

2086

2086

2087

2088

2088

2088

2088

2089

2089

209

2091

2091

2092

2093

2094

2094

2094

2094

2095

2095

2096

2097

2097

2098

2098

2099

2099

21

21

21

210

210

210

2100

2100

2100

2100

2100

2101

2101

2101

2103

2103

2103

2104

2104

2105

2106

2106

2106

2106

2107

2107

2107

2108

2108

2109

2109

211

211

2110

2110

2110

2111

2111

2112

2112

2113

2113

2113

2113

2113

2114

2114

2115

2116

2117

2117

2118

2118

2118

2119

2119

2119

212

2120

2120

2121

2121

2121

2122

2122

2124

2124

2124

2124

2125

2127

2127

2127

2129

2129

213

213

213

213

213

2130

2130

2131

2131

2131

2131

2131

2132

2132

2132

2133

2133

2134

2134

2134

2134

2134

2134

2134

2135

2135

2135

2136

2136

2136

2136

2137

2138

2138

2138

2139

2139

2139

214

214

214

2140

2141

2142

2143

2143

2143

2143

2144

2145

2145

2146

2146

2146

2146

2147

2147

2147

2147

2148

2148

2148

2149

2149

2149

215

215

2150

2150

2150

2151

2152

2152

2152

2154

2154

2154

2155

2155

2156

2157

2157

2157

2158

2158

2158

2159

2159

2159

2160

2160

2161

2161

2162

2162

2163

2164

2165

2166

2166

2166

2166

2168

217

2170

2170

2171

2172

2173

2173

2173

2174

2174

2175

2175

2175

2176

2176

2178

2178

2178

2179

218

218

218

2180

2180

2181

2181

2181

2182

2182

2182

2183

2184

2184

2185

2185

2185

2187

2187

2188

2189

2189

2189

2189

219

219

219

219

2192

2192

2193

2193

2194

2194

2195

2196

2196

2196

2196

2196

2197

2198

2198

2198

22

22

22

22

2200

2200

2200

2200

2201

2201

2201

2201

2202

2202

2202

2203

2205

2205

2205

2206

2207

2207

2208

221

2211

2211

2211

2211

2211

2211

2212

2212

2212

2214

2214

2215

2215

2216

2217

2218

2218

222

222

222

222

2220

2221

2222

2222

2222

2223

2224

2224

2224

2225

2225

2226

2227

2228

2228

2229

2229

2229

2229

2229

2229

223

2232

2232

2232

2232

2233

2233

2233

2234

2234

2235

2235

2235

2235

2236

2236

2236

2236

2236

2236

2237

2237

2237

2238

2239

2239

224

224

2240

2240

2240

2240

2241

2242

2242

2242

2242

2243

2243

2243

2244

2244

2244

2245

2245

2245

2246

2246

2246

2248

2248

2248

2249

2249

2249

225

225

225

2250

2252

2253

2253

2254

2254

2255

2255

2256

2257

2258

2258

2259

2259

2259

226

226

226

2260

2260

2261

2261

2262

2262

2262

2262

2262

2263

2263

2263

2263

2263

2264

2264

2265

2266

2267

2267

2267

2268

2269

227

227

227

227

2270

2270

2270

2271

2271

2271

2271

2272

2273

2273

2273

2274

2274

2275

2275

2276

2276

2277

2278

2278

2279

2279

2279

228

2280

2280

2280

2280

2281

2281

2281

2282

2282

2283

2283

2283

2284

2284

2285

2286

2286

2287

2287

2287

2289

2289

2289

2289

2289

229

229

229

229

2290

2290

2291

2291

2291

2291

2292

2292

2292

2292

2293

2293

2293

2293

2293

2294

2294

2294

2295

2295

2295

2295

2296

2296

2297

2297

2298

230

230

2300

2301

2302

2302

2302

2302

2302

2303

2303

2303

2303

2308

231

231

231

2310

2310

2311

2312

2312

2312

2313

2313

2314

2314

2315

2315

2316

2317

2317

2318

2319

232

232

2320

2321

2321

2321

2322

2322

2323

2323

2324

2324

2324

2325

2326

2327

2327

2328

2328

2328

2329

233

233

233

2331

2332

2332

2332

2332

2333

2333

2333

2333

2334

2334

2334

2335

2335

2335

2336

2337

2337

2337

2337

2338

2338

2338

2338

2339

2339

2339

2339

2339

2339

234

234

234

2340

2340

2341

2341

2341

2341

2341

2343

2344

2344

2344

2344

2346

2348

235

235

235

2350

2350

2350

2351

2351

2352

2353

2353

2354

2354

2355

2355

2356

2356

2356

2358

2358

2358

2359

2360

2360

2361

2361

2362

2363

2363

2363

2364

2364

2364

2364

2367

2367

2367

2368

2368

2369

2369

2369

2370

2371

2372

2372

2373

2374

2374

2374

2374

2374

2374

2374

2374

2375

2376

2376

2376

2378

2378

2378

2378

2378

2379

2379

2379

2379

238

2380

2380

2380

2381

2381

2384

2384

2385

2386

2387

2388

2388

2388

2389

2389

2390

2390

2391

2391

2391

2392

2393

2393

2394

2395

2395

2395

2396

2396

2397

2397

2398

2398

2398

240

240

2401

2401

2401

2402

2402

2403

2403

2403

2403

2403

2404

2405

2405

2405

2406

2406

2406

2407

2407

2409

2409

241

241

241

2410

2410

2411

2411

2413

2413

2413

2414

2414

2414

2415

2416

2416

2416

2417

2418

2418

242

242

2420

2422

2422

2423

2423

2423

2423

2423

2423

2424

2424

2425

2425

2425

2426

2427

2427

2428

2428

2428

2428

2429

2429

2429

2429

243

2430

2431

2432

2433

2433

2434

2435

2435

2435

2435

2436

2436

2436

2436

2436

2437

2438

2438

2438

2439

2440

2440

2440

2441

2441

2442

2442

2443

2444

2445

2446

2446

2447

2447

2447

2448

2448

2448

2448

2448

2450

2451

2451

2452

2453

2454

2455

2455

2455

2456

2456

2457

2457

2458

2459

2459

2459

2460

2460

2461

2461

2461

2462

2462

2462

2463

2463

2463

2463

2463

2463

2464

2464

2465

2466

2466

2466

2468

2469

2469

2469

2469

2469

247

247

247

2471

2472

2472

2472

2472

2472

2473

2474

2474

2475

2475

2475

2475

2476

2476

2476

2476

2477

2477

2478

2478

2479

2479

2480

2481

2481

2483

2484

2484

2485

2485

2486

2486

2486

2486

2486

2486

2487

2487

2488

2488

2488

2488

2488

2488

2489

2489

2489

2489

249

249

249

2490

2490

2491

2492

2492

2494

2495

2496

2496

2497

2497

2497

2497

2498

2499

2499

25

25

250

250

250

2500

2500

2501

2501

2501

2501

2502

2502

2502

2504

2504

2505

2505

2506

2506

2506

2506

2506

2506

2507

2507

2507

2507

2508

2508

2509

251

251

2510

2510

2511

2511

2511

2512

2512

2512

2513

2513

2513

2513

2513

2513

2514

2514

2515

2517

2517

2517

2518

2519

252

252

252

252

252

2520

2521

2521

2523

2523

2524

2524

2524

2524

2525

2525

2526

2526

2526

2527

2528

2528

2529

2529

2530

2530

2530

2531

2531

2531

2532

2532

2533

2534

2534

2534

2536

2536

2536

2538

2538

254

254

254

254

2540

2540

2541

2542

2542

2542

2543

2543

2544

2545

2545

2545

2546

2546

2546

2547

2547

2548

2548

2548

2549

2549

2549

255

255

255

2551

2552

2553

2553

2554

2554

2554

2555

2555

2557

2557

2558

2558

2559

2559

2559

2559

2559

256

256

256

2560

2562

2563

2563

2563

2564

2564

2564

2565

2565

2566

2566

2568

257

257

2570

2570

2571

2571

2571

2571

2571

2572

2572

2573

2574

2574

2574

2575

2575

2575

2576

2576

2577

2577

2578

2578

2579

2579

258

258

2580

2583

2583

2584

2584

2585

2585

2585

2585

2586

2587

2587

2588

2588

2588

2589

2589

259

259

259

2590

2591

2591

2591

2593

2594

2595

2595

2596

2596

2597

2597

2597

26

260

260

260

260

2600

2601

2601

2603

2604

2604

2604

2604

2605

2605

2606

2606

2606

2607

2607

2607

2607

2608

2609

2609

2609

261

261

2610

2610

2610

2610

2610

2610

2611

2611

2612

2612

2613

2613

2613

2613

2613

2614

2614

2615

2615

2615

2615

2615

2616

2617

2617

2617

2617

2617

2617

2618

2618

2619

2619

262

262

262

2621

2621

2622

2622

2622

2623

2623

2623

2623

2623

2624

2624

2625

2625

2626

2627

2629

263

263

263

263

2630

2630

2631

2632

2632

2632

2633

2633

2633

2633

2633

2634

2634

2635

2635

2635

2635

2635

2636

2636

2636

2637

2637

2637

2637

2637

2637

2638

2638

2639

2639

2639

2639

2640

2640

2640

2641

2642

2643

2643

2643

2645

2646

2647

2647

2647

2647

265

2650

2651

2651

2652

2652

2652

2653

2653

2653

2654

2654

2654

2657

2658

2658

2658

266

266

2660

2660

2661

2661

2661

2662

2662

2663

2663

2664

2664

2664

2665

2665

2666

2666

2667

2667

2667

2668

2668

2668

2669

2669

2669

267

267

2672

2672

2674

2674

2674

2674

2674

2674

2675

2676

2676

2676

2676

2677

2678

2679

2680

2681

2681

2682

2682

2683

2683

2683

2684

2685

2685

2685

2686

2687

2687

2688

2689

2689

2689

269

269

2690

2690

2691

2691

2692

2693

2693

2694

2694

2694

2694

2694

2695

2696

2697

2697

2697

2697

2701

2702

2702

2703

2703

2704

2704

2704

2705

2706

2708

2708

2709

271

271

2711

2711

2711

2712

2713

2714

2714

2715

2717

2717

2718

2718

2718

2719

2719

272

2720

2720

2720

2722

2723

2723

2723

2724

2724

2724

2725

2725

2725

2725

2727

2727

2727

2727

2727

2728

2728

2729

2729

273

273

273

2730

2732

2732

2732

2733

2735

2735

2735

2735

2735

2735

2735

2737

2738

2738

2739

274

274

2740

2740

2741

2741

2741

2741

2741

2741

2743

2743

2743

2744

2744

2745

2746

2747

2747

2748

2748

2748

2749

2749

275

275

275

2750

2750

2750

2752

2752

2752

2752

2752

2752

2753

2754

2754

2754

2754

2755

2755

2756

2756

2756

2756

2757

2758

2758

2759

276

2762

2762

2763

2764

2765

2765

2765

2765

2766

2766

2767

2767

2767

2767

2767

2768

2768

2769

2769

2769

2769

2769

277

277

2770

2770

2771

2771

2772

2773

2773

2774

2775

2776

2776

2777

2777

2777

2778

2778

2778

2778

2778

2778

2779

2779

2779

2779

278

2780

2780

2780

2781

2781

2781

2781

2782

2782

2782

2784

2784

2784

2785

2786

2786

2787

2788

2789

2789

279

279

2790

2790

2791

2792

2792

2793

2793

2794

2794

2794

2794

2795

2795

2796

2797

2797

2798

2799

28

280

280

280

2800

2800

2800

2800

2801

2801

2801

2802

2802

2802

2803

2804

2805

2806

2806

2808

2809

2809

281

281

2810

2810

2811

2811

2811

2812

2812

2812

2813

2814

2814

2814

2817

2817

2818

2819

2819

282

2820

2820

2821

2821

2821

2822

2823

2823

2823

2824

2824

2824

2826

2827

2827

2827

2827

2827

2827

2828

2828

2829

2829

2829

2829

283

2830

2830

2830

2831

2831

2831

2831

2831

2831

2831

2833

2833

2834

2834

2836

2836

2837

2837

2837

2837

2837

2838

2839

2839

284

284

2840

2841

2842

2842

2843

2844

2844

2845

2846

2846

2846

2847

2848

2848

2848

2848

2848

2849

2849

2849

2850

2851

2851

2852

2852

2852

2853

2854

2854

2855

2856

2856

2857

2857

2857

2858

2858

2859

286

2860

2860

2861

2861

2861

2863

2863

2864

2864

2865

2865

2866

2867

2867

2867

2867

2868

2869

2869

2869

2870

2870

2870

2872

2872

2873

2874

2874

2876

2877

2878

2878

2878

2879

2879

2879

2880

2881

2882

2882

2882

2882

2883

2883

2884

2885

2888

2888

2889

289

289

289

2890

2890

2890

2891

2891

2892

2892

2893

2893

2894

2894

2894

2895

2896

2896

2896

2896

2897

2898

2898

2898

2899

2899

2899

2899

2899

29

2900

2900

2901

2902

2903

2903

2904

2904

2904

2904

2905

2905

2905

2906

2906

2906

2906

2907

2907

2907

2909

2909

291

291

2910

2910

2910

2910

2911

2911

2913

2914

2915

2917

2917

2917

2917

2919

2919

2919

2920

2921

2921

2922

2922

2923

2924

2924

2925

2925

2926

2926

2926

2926

2926

2927

2927

2927

2927

2928

2928

2929

2929

2929

293

293

2930

2930

2930

2930

2931

2932

2932

2932

2932

2933

2933

2933

2933

2933

2935

2936

2937

2937

2937

2937

2938

2938

2939

2939

2939

2939

2939

294

294

2940

2940

2940

2941

2941

2941

2941

2942

2943

2944

2944

2944

2945

2946

2946

2946

2946

2947

2947

2947

2947

2949

2949

295

295

2950

2950

2951

2952

2952

2953

2955

2956

2956

2956

2956

2957

2957

2958

2959

296

2960

2961

2962

2963

2963

2963

2964

2965

2966

2966

2967

2968

2968

2968

2969

2969

2969

2969

297

297

2970

2971

2971

2971

2972

2973

2973

2974

2975

2975

2975

2976

2976

2977

2978

2978

2978

2978

2978

2979

298

298

2980

2980

2980

2982

2983

2984

2984

2984

2984

2985

2985

2985

2987

2987

2988

2988

2989

2989

299

299

299

2990

2991

2991

2994

2995

2996

2996

2997

2997

2997

2998

2998

2998

2999

3

3

3

3

30

30

30

300

3001

3001

3002

3002

3002

3002

3003

3004

3005

3005

3006

3006

3008

3009

3009

3009

301

301

301

3010

3010

3010

3012

3012

3012

3014

3015

3015

3015

3017

3017

3018

3018

3018

3018

3018

3019

3019

302

3020

3020

3021

3021

3021

3022

3023

3024

3024

3025

3025

3026

3026

3026

3028

3028

3028

3029

303

303

3030

3030

3031

3031

3031

3032

3032

3032

3033

3033

3035

3036

3036

3037

3037

3038

3038

3038

3038

3038

3039

304

304

304

304

304

304

3040

3040

3041

3041

3044

3044

3044

3044

3044

3044

3045

3045

3046

3048

3048

3049

3049

3049

305

3050

3050

3051

3051

3052

3052

3053

3053

3054

3055

3055

3055

3055

3056

3056

3056

3056

3057

3057

3057

3058

3058

3058

3058

3059

3059

3059

306

306

306

306

306

306

3060

3060

3060

3060

3060

3061

3061

3062

3062

3063

3064

3065

3065

3065

3065

3066

3066

3067

3067

3069

3069

3069

307

307

307

307

3070

3070

3070

3071

3071

3071

3071

3072

3072

3073

3075

3075

3075

3076

3076

3076

3077

3077

3078

3079

3079

3079

308

308

3081

3081

3082

3083

3083

3083

3085

3085

3086

3086

3086

3086

3086

3087

3087

3087

3087

3087

3088

3088

3089

3089

3089

309

309

3090

3090

3090

3091

3091

3092

3094

3095

3095

3096

3096

3096

3097

3098

3098

3098

3099

3099

3099

31

310

310

3100

3100

3100

3100

3101

3101

3102

3103

3105

3105

3106

3106

3108

3108

3108

3109

311

3110

3110

3110

3110

3111

3112

3112

3113

3113

3113

3114

3114

3114

3114

3114

3114

3115

3116

3116

3117

3118

3118

3119

312

312

312

3120

3122

3122

3122

3123

3123

3123

3124

3124

3125

3126

3126

3126

3127

3127

3127

3127

3127

3129

313

313

313

3130

3130

3130

3131

3132

3133

3134

3135

3136

3137

3137

3137

3137

3139

3139

3139

3139

3139

3139

314

314

3141

3141

3141

3141

3142

3145

3145

3146

3148

3149

3149

3149

315

315

3150

3150

3150

3150

3152

3152

3153

3153

3153

3154

3154

3155

3155

3155

3155

3156

3157

3158

3158

3158

3159

3159

316

3160

3161

3161

3163

3164

3165

3165

3165

3166

3166

3166

3166

3167

3167

3168

3168

3168

3169

3169

3169

3169

3169

317

3170

3171

3171

3172

3172

3172

3172

3173

3173

3173

3174

3176

3176

3178

3178

3179

3179

3179

3179

3179

318

3180

3181

3181

3181

3181

3181

3182

3182

3182

3183

3183

3183

3183

3183

3183

3184

3184

3185

3185

3186

3186

3186

3186

3186

3187

3188

3188

3188

3189

319

319

319

3190

3190

3190

3190

3191

3192

3193

3193

3193

3194

3195

3195

3196

3196

3196

3196

3197

3198

3199

3199

32

32

32

320

320

3200

3201

3201

3202

3202

3202

3202

3203

3204

3204

3204

3205

3205

3206

3206

3206

3206

3206

3206

3207

3207

3207

3207

3209

3209

3210

3211

3212

3212

3213

3213

3215

3215

3215

3215

3216

3216

3216

3216

3216

3216

3217

3218

3218

3218

3219

3219

322

3220

3220

3220

3220

3220

3221

3222

3222

3222

3222

3223

3224

3224

3225

3225

3225

3225

3225

3225

3227

3227

3227

3227

3228

3228

323

323

323

3230

3230

3230

3231

3231

3232

3233

3233

3233

3233

3233

3234

3234

3234

3235

3235

3235

3236

3236

3236

3236

3236

3237

3237

3237

3237

3237

3237

3237

3238

3238

324

324

3241

3241

3242

3242

3243

3244

3244

3244

3244

3244

3245

3245

3246

3248

3248

3248

3249

3249

325

325

3250

3250

3250

3251

3251

3251

3253

3253

3253

3253

3254

3254

3255

3255

3256

3256

3257

3258

3258

3259

326

326

3260

3260

3260

3261

3262

3262

3262

3262

3262

3262

3263

3263

3264

3265

3266

3267

3268

3269

3269

327

327

3270

3270

3271

3272

3273

3274

3274

3274

3274

3274

3275

3276

3277

3277

3277

3278

3278

3279

3279

3279

3279

3279

3279

3279

3279

3279

328

328

3281

3281

3282

3282

3282

3282

3283

3283

3284

3284

3284

3285

3285

3286

3286

3286

3286

3287

3287

3289

3289

3289

329

329

329

329

3290

3290

3290

3292

3292

3293

3293

3293

3293

3294

3295

3295

3296

3296

3296

3298

3298

3298

3298

3298

3298

3298

3299

3299

3299

3299

3299

33

33

330

330

3300

3300

3301

3301

3301

3304

3304

3304

3305

3305

3305

3305

3305

3306

3306

3306

3307

3307

3307

3308

331

331

331

331

3311

3312

3312

3313

3314

3314

3314

3314

3315

3316

3316

3317

3317

3317

3317

3317

3318

3318

3318

3318

3319

332

332

332

332

332

3320

3320

3321

3321

3321

3322

3322

3322

3323

3323

3324

3324

3325

3325

3326

3327

3327

3328

3329

3329

3330

3330

3330

3332

3333

3335

3335

3335

3335

3335

3336

3336

3337

3338

3338

334

3340

3340

3340

3341

3341

3341

3341

3342

3342

3343

3343

3343

3343

3343

3344

3344

3346

3346

3346

3346

3347

3347

3348

3350

3351

3354

3354

3354

3355

3355

3355

3356

3356

3357

3357

3358

3358

3359

3359

3359

336

336

336

3362

3362

3362

3362

3362

3363

3363

3363

3364

3364

3364

3364

3365

3366

3366

3366

3366

3367

3368

3369

337

337

3371

3371

3373

3373

3375

3375

3375

3376

3377

3377

3377

3378

3379

338

338

3380

3381

3382

3382

3382

3382

3382

3382

3383

3383

3383

3384

3384

3384

3384

3384

3385

3385

3385

3386

3386

3388

3388

3389

339

339

339

3390

3391

3391

3393

3393

3393

3393

3393

3394

3395

3395

3395

3395

3395

3396

3396

3397

3398

34

34

34

340

340

3400

3401

3401

3403

3403

3403

3403

3403

3404

3404

3406

3406

3406

3406

3407

3407

3407

3408

3408

3409

341

341

3410

3411

3411

3411

3411

3412

3412

3413

3413

3414

3415

3416

3416

3417

3417

3417

3418

3418

3418

3418

3419

342

342

342

3420

3420

3420

3421

3422

3422

3422

3424

3424

3424

3424

3424

3424

3425

3426

3427

3427

3428

3428

3428

3429

3429

3429

3429

343

3430

3431

3431

3431

3431

3432

3432

3433

3434

3434

3435

3435

3436

3436

3436

3436

3437

3437

3437

3437

3437

3438

3439

3439

3439

3439

3439

344

344

3440

3440

3441

3442

3442

3442

3443

3443

3444

3444

3444

3445

3446

3446

3448

3448

3449

3449

3449

345

3450

3451

3451

3452

3452

3452

3452

3453

3454

3454

3454

3455

3456

3456

3457

3458

346

3461

3461

3462

3462

3462

3462

3463

3464

3464

3464

3464

3465

3465

3465

3465

3465

3466

3467

3468

3468

3468

3468

3468

3469

3469

3469

347

347

3471

3472

3472

3472

3472

3473

3473

3473

3473

3473

3474

3475

3476

3476

3477

3478

3479

3479

3479

348

348

3480

3481

3482

3483

3484

3484

3484

3485

3485

3486

3487

3488

3490

3490

3490

3491

3491

3492

3492

3493

3494

3494

3494

3495

3495

3496

3496

3496

3497

3498

3498

35

35

35

3501

3502

3502

3502

3504

3504

3505

3505

3506

3506

3506

3506

3506

3506

3508

3508

3509

3509

3509

3509

3510

3511

3512

3512

3513

3514

3514

3516

3516

3516

3517

3517

3519

3520

3520

3520

3520

3520

3520

3521

3522

3522

3524

3525

3526

3527

3527

3527

3528

3528

3529

3529

3529

3529

353

353

353

353

3530

3530

3531

3531

3531

3532

3532

3532

3533

3533

3534

3534

3534

3535

3535

3535

3535

3536

3536

3536

3536

3537

3537

3538

3538

3538

3538

3539

3539

3539

354

354

354

354

354

3540

3541

3541

3541

3543

3543

3544

3544

3545

3545

3546

3546

3548

3549

3549

355

3550

3550

3550

3550

3551

3551

3551

3552

3553

3554

3554

3555

3555

3556

3556

3556

3556

3558

3558

3558

3559

3559

3559

3559

3559

356

356

3560

3561

3563

3563

3563

3564

3565

3565

3566

3568

3569

3569

3569

3569

357

357

357

3570

3570

3570

3570

3570

3572

3573

3573

3573

3573

3574

3575

3575

3576

3576

3577

3578

3579

3579

3579

3579

3579

358

358

358

358

358

3581

3582

3584

3585

3585

3585

3586

3587

3587

3587

3587

3588

3589

3589

3589

3589

359

359

359

3590

3590

3590

3591

3591

3591

3591

3592

3592

3593

3593

3594

3594

3595

3595

3596

3597

3597

3598

3598

3598

3599

3599

36

36

360

360

3600

3601

3601

3602

3602

3602

3602

3603

3603

3605

3605

3606

3606

3607

3607

3608

3608

361

361

361

3610

3610

3610

3611

3611

3611

3612

3613

3613

3614

3614

3615

3616

3616

3616

3618

3618

3619

3619

362

362

362

3620

3620

3621

3621

3621

3621

3621

3622

3623

3623

3623

3624

3624

3624

3625

3625

3625

3626

3626

3627

3628

3629

3629

3629

3630

3630

3631

3631

3631

3631

3632

3632

3632

3633

3633

3633

3633

3634

3635

3636

3636

3637

3637

3637

3638

3638

3638

3639

3639

3639

3639

3639

364

3640

3640

3640

3641

3641

3641

3641

3642

3642

3644

3644

3645

3645

3645

3645

3646

3646

3646

3646

3647

3648

3648

3648

3649

3649

365

3650

3650

3651

3652

3652

3653

3653

3654

3654

3655

3655

3656

3656

3657

3658

3659

366

3660

3660

3660

3661

3661

3661

3662

3662

3662

3663

3663

3663

3664

3664

3665

3666

3666

3667

3667

3668

3669

367

3670

3670

3671

3671

3671

3672

3672

3674

3675

3675

3675

3676

3676

3677

3677

3677

3677

3677

3677

3678

3679

3679

3679

368

368

368

3680

3680

3680

3681

3681

3683

3684

3684

3684

3684

3685

3685

3686

3687

3688

3689

369

3691

3693

3693

3693

3694

3694

3694

3694

3695

3696

3696

3696

3696

3697

3698

3699

37

37

37

370

3700

3700

3701

3701

3701

3702

3702

3703

3704

3704

3705

3705

3706

3706

3707

3707

3708

3709

3709

3709

371

371

371

3710

3711

3712

3712

3713

3713

3714

3715

3716

3716

3716

3717

3717

3717

3718

3718

3719

3719

372

372

372

372

372

372

372

3721

3722

3723

3723

3723

3724

3724

3725

3725

3725

3726

3726

3726

3727

3727

3727

3728

3728

3729

373

3730

3730

3732

3732

3732

3732

3733

3733

3735

3735

3736

3736

3736

3736

3737

3738

3738

3738

374

3740

3741

3742

3743

3743

3744

3744

3744

3745

3745

3745

3745

3746

3746

3746

3746

3747

3747

3748

3749

3749

3749

3749

375

375

375

3750

3750

3750

3750

3750

3752

3753

3753

3753

3753

3753

3755

3755

3755

3757

3757

3757

3757

3757

3758

3758

3758

376

376

3760

3760

3762

3763

3763

3764

3764

3765

3766

3766

3766

3767

3767

3769

3769

3770

3770

3770

3771

3772

3772

3773

3773

3773

3773

3775

3777

3778

3778

3778

3779

378

378

3781

3782

3782

3782

3783

3783

3783

3783

3784

3784

3785

3786

3786

3787

3787

3788

3789

3789

379

379

379

3790

3790

3790

3790

3792

3792

3792

3793

3794

3794

3794

3795

3795

3796

3797

3798

3798

3799

38

38

38

380

380

3800

3801

3801

3804

3804

3804

3804

3804

3804

3805

3805

3806

3806

3807

3807

3808

381

381

381

3810

3810

3811

3811

3811

3812

3814

3814

3814

3814

3815

3815

3815

3816

3816

3816

3817

3817

3817

3817

3818

3818

3818

3818

3819

3819

382

3820

3821

3821

3821

3821

3821

3821

3822

3822

3823

3823

3823

3823

3824

3824

3824

3824

3824

3825

3825

3825

3826

3826

3826

3826

3827

3828

3829

3829

3829

3830

3831

3831

3831

3832

3832

3833

3833

3833

3834

3834

3835

3835

3837

3837

3837

3837

3837

3837

3837

3838

3838

3839

384

384

3840

3841

3841

3841

3843

3843

3843

3843

3844

3845

3845

3846

3847

3847

3847

3847

3847

3848

3848

3848

3849

3849

385

385

3850

3851

3851

3851

3852

3855

3856

3857

3857

3857

3858

3858

3859

3859

3859

386

386

386

3860

3860

3862

3862

3863

3864

3864

3864

3864

3864

3865

3865

3866

3866

3867

3867

3868

3869

387

3870

3870

3870

3870

3871

3871

3871

3872

3874

3874

3874

3874

3874

3876

3876

3877

3878

3878

3878

3878

3878

3879

3879

388

388

3880

3880

3880

3881

3881

3882

3883

3883

3884

3885

3887

3887

3887

3888

3889

3889

3889

3889

3889

389

389

389

389

3890

3890

3891

3892

3892

3893

3893

3894

3895

3896

3896

3896

3896

3896

3897

3898

3898

3899

3899

3899

3899

3899

3899

39

39

390

390

3900

3901

3901

3903

3904

3905

3905

3905

3906

3906

3906

3906

3906

3907

3908

3908

3908

3908

3909

3909

3909

391

391

3910

3911

3912

3912

3912

3912

3913

3913

3914

3915

3915

3916

3918

3918

3918

3919

3922

3923

3924

3924

3924

3924

3925

3926

3926

3926

3927

3927

3927

3930

3930

3930

3931

3931

3932

3933

3934

3934

3934

3934

3935

3935

3935

3936

3936

3936

3939

394

394

394

394

3940

3941

3941

3941

3942

3942

3942

3943

3943

3945

3945

3946

3947

3947

3949

3949

395

395

395

3950

3950

3950

3950

3950

3950

3951

3951

3952

3952

3952

3953

3954

3956

3957

3957

3959

3959

3959

3959

3959

396

396

396

3960

3961

3962

3963

3963

3963

3963

3964

3964

3964

3964

3965

3965

3966

3966

3967

3967

3968

3968

3968

397

3970

3972

3972

3973

3973

3974

3974

3974

3974

3974

3974

3975

3975

3975

3977

3979

398

3980

3980

3982

3982

3983

3983

3984

3985

3985

3985

3985

3986

3987

3987

3988

3989

3989

3989

3989

3989

3989

3990

3990

3992

3992

3992

3993

3993

3993

3993

3993

3993

3995

3995

3995

3995

3996

3996

3996

3996

3997

3997

3998

3998

3998

3999

3999

3999

4

4

4

4

4

40

40

400

400

400

4000

4001

4002

4003

4003

4003

4003

4004

4004

4004

4005

4005

4005

4006

4007

4008

4008

4008

4008

4009

401

401

401

4010

4011

4011

4011

4012

4013

4014

4015

4015

4015

4015

4017

4018

4018

4019

4019

4019

402

402

4020

4020

4020

4022

4022

4022

4022

4023

4024

4024

4024

4024

4024

4025

4025

4026

4026

4028

403

403

403

4030

4030

4030

4030

4031

4031

4031

4032

4032

4033

4033

4033

4033

4033

4034

4034

4035

4036

4036

4037

4037

4038

4039

4040

4040

4041

4042

4042

4042

4042

4044

4044

4044

4045

4045

4045

4045

4046

4046

4046

4047

4047

4048

4048

4049

405

405

405

4050

4050

4051

4051

4051

4051

4051

4052

4052

4054

4055

4055

4056

4056

4058

4058

4059

406

4060

4060

4060

4060

4060

4061

4061

4061

4062

4063

4063

4064

4064

4064

4066

4066

4067

4067

4069

407

407

4070

4071

4072

4072

4072

4073

4073

4074

4076

4076

4076

4077

4077

4077

4077

4077

4077

4078

4079

4079

4079

408

408

408

4080

4080

4081

4082

4082

4082

4084

4085

4085

4085

4086

4086

4086

4086

4086

4086

4087

4087

4087

4087

4087

4088

4088

4088

4088

4089

4089

409

409

409

409

409

4090

4090

4091

4091

4092

4093

4093

4093

4094

4096

4097

4097

4099

4099

41

41

41

41

41

41

41

410

4100

4100

4101

4102

4103

4103

4105

4105

4105

4106

4107

4107

4108

4108

4109

411

411

4110

4111

4111

4112

4112

4112

4113

4113

4113

4114

4114

4114

4114

4114

4115

4115

4115

4116

4116

4117

4117

4117

4117

4118

4118

4119

4119

412

412

4121

4121

4122

4122

4122

4122

4123

4123

4124

4124

4125

4125

4125

4125

4125

4126

4127

4127

4127

4128

4128

4129

413

413

4130

4130

4130

4130

4131

4132

4133

4134

4134

4134

4135

4136

4136

4137

4137

4139

414

4140

4140

4142

4142

4144

4145

4146

4146

4146

4146

4147

4147

4148

4148

4148

4149

4149

4149

415

4150

4150

4150

4150

4150

4150

4151

4151

4153

4154

4155

4155

4156

4157

4157

4158

4159

4159

416

4161

4161

4162

4162

4163

4163

4164

4164

4165

4165

4166

4169

4169

4169

417

417

4171

4171

4171

4171

4172

4172

4173

4173

4173

4174

4175

4175

4176

4176

4177

4177

4178

4178

4178

4179

4179

4179

418

418

418

4180

4180

4181

4181

4182

4182

4182

4183

4183

4183

4183

4184

4184

4185

4185

4185

4186

4187

4187

4187

4187

4187

4188

4188

4189

419

419

419

4190

4190

4190

4191

4191

4192

4192

4193

4193

4193

4194

4195

4195

4195

4196

4196

4196

4197

4197

4197

4198

4198

42

42

42

42

420

420

4200

4201

4201

4202

4202

4203

4205

4205

4206

4206

4206

4207

4208

4208

4209

421

421

4210

4210

4210

4210

4211

4211

4211

4212

4212

4213

4213

4213

4213

4214

4214

4215

4215

4215

4216

4218

4218

4218

4218

4218

4218

4219

4219

4219

422

4220

4220

4220

4220

4221

4221

4221

4221

4221

4222

4223

4223

4224

4224

4224

4224

4226

4226

4229

423

4230

4230

4230

4232

4232

4232

4233

4234

4236

4237

4237

4237

4238

4238

4238

4239

4239

4239

424

424

4240

4241

4241

4241

4241

4242

4243

4244

4244

4244

4245

4245

4245

4245

4246

4246

4246

4246

4247

4248

4248

4248

4248

4249

4249

4249

4249

425

425

425

4250

4250

4250

4251

4252

4252

4252

4252

4252

4252

4253

4253

4253

4254

4254

4254

4255

4256

4256

4256

4258

4259

4259

4259

426

4261

4261

4261

4263

4264

4266

4267

4268

4268

427

4270

4270

4271

4272

4272

4272

4272

4273

4273

4273

4273

4274

4274

4274

4274

4274

4274

4274

4275

4276

4277

4278

4279

4279

428

428

4280

4280

4280

4281

4281

4281

4282

4282

4283

4283

4283

4283

4283

4284

4284

4284

4285

4285

4286

4286

4287

4287

4289

4289

429

429

429

4290

4291

4293

4295

4296

4296

4296

4297

4297

4299

430

430

4300

4300

4300

4301

4301

4302

4303

4303

4304

4304

4304

4305

4305

4305

4306

4306

4308

4309

4309

431

431

4310

4310

4310

4310

4310

4311

4311

4311

4311

4312

4312

4312

4313

4314

4314

4315

4315

4315

4316

4316

4317

4317

4317

4318

4319

4319

4319

432

4320

4321

4322

4322

4323

4323

4323

4323

4323

4325

4326

4326

4327

4328

4328

4328

4329

4329

4329

433

4330

4330

4331

4332

4332

4333

4335

4335

4336

4336

4337

4337

4338

4338

4338

4338

4338

4338

4338

4338

4339

4339

434

4340

4340

4340

4342

4342

4342

4343

4343

4343

4343

4344

4345

4346

4346

4346

4347

4347

4347

4348

4348

4348

4348

4348

4349

435

435

4350

4350

4350

4350

4350

4351

4352

4353

4356

4357

4357

4357

4357

4357

4357

4358

4358

4359

4359

436

436

436

4360

4361

4361

4361

4362

4362

4362

4362

4362

4362

4362

4363

4363

4363

4363

4364

4365

4365

4365

4365

4365

4366

4366

4366

4367

4367

4367

4367

4368

4368

4369

4369

4369

4369

4369

4369

437

437

437

4370

4372

4372

4372

4372

4373

4373

4373

4373

4373

4374

4374

4374

4374

4376

4376

4377

4377

4378

4378

4379

438

438

438

4380

4380

4380

4380

4381

4381

4381

4381

4382

4384

4384

4386

4386

4386

4386

4387

4387

4388

4388

4389

439

439

4390

4390

4390

4390

4390

4390

4390

4391

4391

4391

4391

4392

4392

4393

4393

4393

4393

4396

4396

4397

4398

4398

4399

44

44

440

4400

4401

4402

4402

4404

4404

4404

4405

4406

4406

4407

4407

4408

4409

4409

441

441

4410

4411

4411

4411

4412

4412

4412

4413

4414

4415

4415

4415

4415

4416

4416

4417

4417

4417

4418

4419

4419

442

442

4421

4421

4421

4421

4421

4422

4422

4422

4423

4423

4425

4425

4427

4427

4428

4428

4428

443

443

4430

4430

4430

4431

4431

4431

4432

4432

4433

4433

4434

4434

4434

4434

4435

4435

4436

4436

4436

4437

4437

4438

4438

4438

4439

4439

4439

444

4440

4440

4441

4442

4443

4443

4443

4443

4444

4445

4445

4445

4446

4446

4446

4448

4448

4448

4448

4448

4449

445

4450

4450

4451

4451

4451

4451

4452

4452

4452

4453

4453

4453

4453

4453

4453

4454

4454

4454

4455

4455

4456

4456

4456

4457

4457

4457

4457

4457

4457

4458

4458

4459

446

4461

4461

4461

4462

4462

4463

4463

4463

4463

4463

4464

4464

4464

4465

4466

4466

4467

4467

4467

4467

4467

4468

4468

4468

4468

4469

4469

4469

447

4470

4471

4471

4472

4472

4472

4472

4473

4473

4474

4476

4476

4478

4478

4478

4479

4479

4480

4480

4481
4481

4481

4482

4482

4483

4483

4483

4484

4484

4485

4486

4486

4486

4486

4487

4487

4487

4487

4488

4488

4489

4489

4489

4489

449

449

449

449

449

4491

4491

4493

4493

4493

4493

4494

4494

4495

4496

4496

4497

4498

4498

4498

4498

450

450

450

450

4500

4501

4501

4502

4503

4503

4503

4504

4504

4504

4504

4504

4504

4504

4504

4506

4507

4507

4508

4508

4508

4509

4509

451

451

451

4510

4510

4510

4511

4512

4512

4513

4513

4514

4514

4516

4517

4517

4518

4519

4519

4519

4519

452

452

452

452

4520

4520

4520

4520

4520

4520

4521

4522

4522

4524

4526

4526

4526

4526

4527

4527

4528

4529

4529

4529

4531

4531

4532

4532

4534

4535

4535

4536

4536

4537

4537

4538

4538

4539

454

454

454

4540

4541

4541

4541

4541

4542

4542

4543

4544

4545

4545

4546

4547

4548

4548

455

455

455

455

455

455

4550

4550

4550

4554

4554

4554

4555

4556

4556

4556

4557

4557

4557

4558

4558

4558

4559

4559

456

4560

4560

4560

4561

4563

4564

4565

4566

4566

4567

4567

4567

4568

4568

4569

4570

4572

4572

4572

4572

4573

4573

4574

4574

4574

4575

4575

4578

4578

4578

4578

4578

4578

4578

4579

458

4580

4580

4580

4581

4581

4582

4582

4582

4582

4583

4583

4583

4583

4584

4584

4585

4586

4587

4588

4588

4588

4588

4589

4589

4589

459

459

459

4591

4591

4591

4592

4593

4593

4594

4594

4595

4595

4596

4596

4596

4596

4596

4597

4597

4597

4597

4598

4599

4599

46

46

460

4602

4602

4602

4602

4603

4603

4603

4603

4605

4605

4605

4606

4606

4606

4608

4609

461

4611

4611

4611

4612

4612

4613

4614

4614

4614

4615

4615

4615

4615

4616

4617

4618

4618

4618

4619

4620

4620

4620

4621

4621

4621

4622

4622

4622

4622

4622

4623

4623

4623

4623

4624

4624

4624

4625

4626

4628

4629

4629

463

463

463

4630

4630

4630

4630

4631

4631

4631

4632

4634

4634

4635

4636

4638

4638

4638

4639

4639

464

464

464

464

464

464

4640

4640

4641

4641

4641

4641

4642

4643

4644

4645

4645

4645

4646

4648

4648

4649

4649

465

465

465

465

4650

4651

4651

4652

4652

4653

4653

4653

4654

4655

4655

4656

4656

4656

4656

4657

4657

4657

4658

4658

4658

4658

4659

466

466

4660

4661

4661

4661

4662

4662

4663

4665

4665

4667

4668

4668

4669

467

467

467

4670

4670

4670

4671

4671

4672

4673

4673

4674

4675

4675

4675

4675

4675

4676

4676

4677

4677

4678

4678

468

4682

4682

4682

4682

4682

4683

4683

4683

4683

4683

4683

4683

4684

4684

4684

4685

4685

4686

4686

4686

4687

4687

4688

4688

4688

4689

469

469

469

4690

4690

4690

4690

4690

4690

4691

4691

4692

4692

4692

4692

4692

4692

4693

4694

4695

4695

4695

4695

4696

4696

4696

4697

4698

4699

470

470

470

470

470

4700

4700

4701

4702

4702

4703

4704

4704

4705

4705

4706

4706

4706

4709

4709

471

4710

4710

4712

4712

4713

4714

4714

4715

4715

4715

4715

4715

4716

4716

4718

4718

4718

4719

4719

472

472

472

4720

4720

4721

4722

4723

4723

4723

4723

4723

4725

4725

4726

4726

4726

4727

4727

4727

4728

4728

4728

4729

4729

4729

473

473

4730

4730

4730

4730

4731

4731

4731

4731

4732

4733

4733

4733

4733

4733

4733

4734

4734

4736

4736

4736

4736

4736

4736

4737

4737

4737

4737

4739

4739

4739

474

4740

4740

4741

4741

4741

4741

4741

4741

4742

4742

4743

4744

4745

4745

4746

4746

4746

4747

4749

4750

4750

4752

4753

4753

4754

4754

4754

4755

4756

4756

4757

4757

4757

4758

4758

4759

4760

4760

4761

4761

4762

4762

4763

4764

4764

4764

4764

4764

4765

4765

4765

4765

4766

4766

4766

4766

4767

4767

4768

4769

477

477

4770

4770

4770

4771

4771

4771

4772

4772

4773

4773

4776

4777

4778

4779

4779

478

4780

4780

4781

4781

4783

4783

4783

4783

4783

4783

4784

4785

4785

4786

4786

4787

4787

4788

4789

4789

4789

4789

4789

479

479

4790

4791

4793

4793

4794

4794

4794

4796

4796

4796

4797

4797

4797

4797

4799

4799

48

48

48

480

480

4800

4800

4801

4801

4801

4802

4803

4804

4804

4806

4807

4807

4807

4808

4808

4809

481

481

481

481

481

4810

4810

4811

4811

4811

4811

4813

4813

4814

4815

4815

4817

4817

4817

4817

4817

4818

4818

4819

482

4820

4820

4820

4820

4821

4821

4821

4821

4822

4822

4822

4823

4823

4825

4825

4825

4825

4826

4826

4827

4827

4827

4827

4828

4828

4828

4828

4829

4829

483

483

4830

4830

4830

4831

4831

4832

4833

4834

4835

4835

4835

4836

4836

4836

4837

4837

4837

4838

4839

4839

484

484

4840

4841

4841

4842

4842

4842

4842

4843

4843

4843

4843

4843

4843

4843

4844

4845

4846

4846

4847

4847

4847

4848

4848

4849

4849

485

485

485

485

4850

4850

4851

4851

4852

4852

4852

4852

4852

4852

4852

4853

4853

4853

4853

4854

4855

4855

4855

4855

4855

4855

4855

4856

4857

4857

4858

4858

4859

4860

4860

4861

4861

4861

4864

4865

4865

4866

4866

4866

4868

4868

4868

4869

487

487

4870

4870

4870

4870

4871

4871

4871

4871

4872

4872

4872

4872

4872

4872

4874

4874

4874

4875

4876

4876

4876

4877

4877

4878

4878

4878

4878

4879

4879

488

4880

4880

4880

4881

4882

4883

4883

4884

4884

4884

4884

4884

4885

4885

4885

4886

4886

4886

4886

4887

4887

4888

4888

4888

489

489

489

4890

4890

4891

4891

4891

4892

4892

4892

4892

4893

4893

4894

4895

4895

4896

4897

4897

4897

4898

4898

4898

4899

4899

4899

49

490

490

4900

4900

4900

4900

4901

4901

4901

4901

4903

4903

4903

4904

4905

4906

4906

4906

4908

4908

4908

4909

4909

491

491

4910

4910

4910

4910

4911

4912

4913

4914

4915

4916

4917

4917

4917

4917

4918

4919

4919

492

492

4920

4920

4921

4921

4923

4924

4925

4926

4926

4926

4926

4926

4926

4927

4927

4928

4929

493

493

493

4930

4932

4932

4932

4933

4933

4934

4934

4935

4935

4935

4936

4936

4937

4937

4937

4937

4937

4937

4938

4938

4938

4939

4939

494

4940

4940

4941

4941

4942

4942

4943

4943

4944

4944

4945

4945

4945

4946

4948

4949

495

495

495

4950

4950

4950

4950

4952

4952

4953

4953

4954

4955

4955

4955

4956

4956

4957

4958

4958

4958

4959

496

496

4960

4960

4960

4961

4962

4963

4963

4964

4965

4965

4965

4965

4966

4966

4967

4967

4967

4967

4968

4968

4968

497

497

4970

4970

4973

4973

4973

4973

4974

4975

4975

4975

4976

4976

4976

4976

4976

4979

4979

4979

4979

4979

4979

498

4980

4980

4980

4981

4981

4982

4983

4983

4985

4985

4986

4986

4986

4987

4987

4987

4987

4988

499

499

499

499

4990

4990

4990

4991

4993

4993

4993

4994

4994

4994

4994

4995

4995

4996

4996

4996

4998

4998

4999

4999

4999

5

5

50

50

500

500

5000

5000

501

502

502

502

504

505

506

508

508

508

509

51

51

51

510

510

511

512

512

512

512

513

514

515

515

516

516

517

519

519

52

52

52

52

52

52

520

520

521

522

522

522

523

523

525

526

526

528

529

529

530

531

531

532

533

533

534

536

536

537

537

537

538

539

54

54

54

54

540

541

541

541

543

543

543

543

544

544

544

544

545

546

546

547

55

55

550

550

550

551

552

552

553

554

554

555

556

556

556

557

557

557

557

558

558

559

559

559

56

560

560

561

561

561

562

563

563

563

564

564

564

564

566

567

567

567

567

567

568

568

568

568

569

569

57

57

57

570

570

571

571

572

573

573

574

576

576

577

577

578

578

579

579

58

58

58

58

581

581

581

582

583

584

584

585

585

585

585

586

586

587

587

588

589

589

59

59

590

590

591

592

592

592

593

593

593

593

593

594

594

594

596

596

597

598

598

598

598

599

599

599

599

6

600

601

601

602

602

602

604

604

604

605

605

606

607

607

607

608

609

61

611

612

612

612

613

615

615

616

616

617

617

617

617

618

619

619

62

62

620

620

621

622

622

622

622

623

623

624

625

626

627

627

627

63

630

631

632

633

634

635

635

636

636

637

637

637

638

638

639

639

639

639

639

64

64

64

640

640

640

641

641

641

642

643

644

644

645

645

645

646

647

648

648

648

649

65

65

65

650

651

651

653

653

653

653

653

654

654

655

655

655

656

656

657

658

658

659

659

66

66

66

660

662

662

662

662

663

664

664

664

665

665

665

666

667

667

667

668

669

670

671

671

671

671

672

672

672

673

673

674

675

675

675

676

676

677

677

677

677

677

678

678

678

679

679

679

679

679

68

68

68

680

680

682

682

682

682

683

683

683

683

683

683

684

684

684

685

685

685

686

687

687

687

687

688

688

689

689

69

69

69

690

690

690

690

691

691

692

692

692

693

694

695

695

695

696

696

696

697

697

697

698

698

698

699

70

70

700

701

701

702

703

705

705

705

705

706

706

706

708

708

709

709

71

710

712

712

713

714

714

715

716

716

717

717

717

718

718

718

718

719

719

72

72

720

721

721

722

722

722

722

722

722

723

723

723

723

723

724

724

724

725

725

726

726

726

726

728

728

729

73

73

731

731

731

731

732

732

733

733

734

734

736

736

736

737

737

737

738

738

739

739

74

74

740

741

741

741

741

742

742

742

742

743

743

744

745

746

747

747

748

748

748

749

749

75

751

751

751

752

752

753

754

754

754

755

755

756

757

758

758

758

758

758

758

758

76

76

763

764

764

765

765

765

765

766

766

766

767

768

769

769

769

77

77

770

770

770

771

771

772

772

772

772

773

773

774

775

776

776

778

778

778

779

78

780

781

781

781

782

782

782

782

782

783

784

784

784

784

784

785

785

789

789

79

79

790

790

790

790

790

790

793

793

794

794

794

795

795

795

796

796

796

797

797

797

797

797

797

799

799

8

8

8

8

80

801

801

801

801

801

802

802

803

804

806

806

807

807

807

808

809

809

809

810

810

812

812

813

816

816

816

816

817

818

818

818

819

82

82

82

820

820

820

822

822

822

823

823

823

823

824

826

826

826

828

828

828

828

828

829

83

83

83

83

831

831

831

832

833

835

836

836

836

836

837

838

839

84

841

842

843

844

844

844

844

845

845

846

847

847

847

848

848

848

849

849

850

850

851

852

852

852

854

854

854

855

855

855

856

856

856

857

857

857

858

858

859

859

859

859

859

860

860

861

861

861

862

862

863

864

865

867

867

867

868

868

869

87

871

872

872

872

873

873

874

875

876

877

878

878

879

88

881

881

882

884

884

884

885

886

886

887

887

888

888

889

890

891

891

892

892

892

892

892

893

894

894

895

895

895

896

896

897

898

898

898

898

899

899

899

90

90

900

901

901

901

901

901

902

902

903

903

903

904

904

905

906

907

907

908

908

909

91

91

910

910

911

911

911

911

911

911

912

912

912

915

915

916

916

917

918

918

918

918

92

920

920

921

921

921

922

922

922

923

923

924

924

925

927

927

927

928

928

929

929

929

930

930

930

931

931

931

932

932

932

933

933

934

934

934

936

936

938

938

938

939

94

94

94

94

941

942

942

942

943

945

945

945

949

949

949

95

951

951

952

952

954

954

954

955

955

957

957

957

957

957

958

958

958

958

959

959

96

960

961

962

962

962

963

963

964

965

966

967

969

969

969

970

970

971

971

972

973

974

974

974

974

974

975

976

976

976

976

976

978

978

978

979

979

98

98

98

98

980

980

980

980

980

982

982

982

983

984

984

984

985

986

986

986

987

988

988

989

989

99

990

990

992

992

993

993

995

995

996

997

997

999

999

