2
2
460
2
297
497
3
4
31
453
4
89
287
233
316
6
489
6
444
9
371
95
9
379
90
10
87
11
142
11
14
14
295
342
292
15
444
112
112
323
416
16
16
497
119
20
85
322
21
327
201
407
351
21
23
109
24
24
25
25
26
27
27
31
32
32
33
33
326
39
261
34
209
203
34
34
205
35
36
426
77
36
124
391
79
449
484
392
37
217
38
112
43
43
46
48
50
441
50
84
266
458
258
50
51
327
52
53
53
53
292
54
369
397
106
54
56
56
57
474
90
57
96
118
58
12
194
59
61
61
310
62
383
67
68
71
71
72
76
78
371
273
428
79
489
80
83
84
36
86
89
401
274
89
90
138
261
388
155
83
407
220
92
499
445
378
92
92
367
327
298
173
95
95
484
96
98
71
225
99
99
102
413
105
178
105
106
109
120
111
112
112
359
357
113
407
71
115
115
117
464
412
118
443
119
119
119
119
57
119
119
120
120
120
6
121
123
124
233
124
379
426
129
130
131
134
134
134
138
138
141
142
143
258
145
148
325
149
316
345
149
149
82
4
150
150
462
263
151
151
151
151
152
33
488
153
153
156
158
95
420
158
326
209
33
158
160
40
227
160
139
466
383
163
163
439
284
163
474
437
344
164
184
246
165
292
165
159
167
169
170
438
170
418
320
174
174
459
174
175
32
176
300
144
177
274
178
274
464
489
373
178
179
179
141
391
103
485
179
179
179
180
181
195
182
302
36
220
497
182
382
159
116
495
61
236
244
105
184
218
203
158
186
188
151
227
353
188
190
325
85
250
190
361
56
190
208
147
191
192
193
194
438
195
196
235
196
197
197
197
429
191
263
305
257
198
198
198
199
199
200
96
413
201
202
202
179
54
202
204
205
192
341
205
206
206
207
173
86
207
50
207
208
63
209
4
209
186
210
406
210
211
373
251
259
211
58
213
213
213
273
213
448
292
215
216
410
218
184
223
224
225
109
227
8
228
229
229
346
229
230
230
180
408
329
460
435
433
231
218
431
232
232
233
233
139
235
235
408
57
305
481
458
235
236
237
238
240
230
241
255
34
242
244
245
245
173
11
245
267
319
247
316
247
472
402
162
247
340
284
248
248
394
249
249
252
363
254
254
132
254
69
394
255
258
425
261
270
262
263
263
263
122
240
263
264
414
264
332
265
266
267
268
268
270
21
271
272
273
273
274
274
350
274
391
339
108
275
278
93
213
164
278
274
327
132
279
279
320
280
337
281
365
178
282
283
283
235
287
182
429
159
260
289
299
421
289
219
478
251
155
339
8
290
239
290
224
291
291
434
293
295
295
296
296
297
303
314
333
47
304
71
409
304
305
201
305
259
405
31
307
409
300
219
307
311
69
312
312
314
301
314
95
314
314
89
294
316
312
492
327
317
318
318
320
458
97
186
104
268
320
320
121
324
325
329
330
322
257
252
331
332
321
142
207
102
6
334
499
160
118
391
315
334
334
76
335
336
337
191
337
94
339
444
339
481
341
359
118
59
343
344
51
344
395
345
345
346
399
347
285
343
83
350
198
351
351
351
444
353
467
404
421
355
358
488
359
359
183
360
360
283
361
362
362
365
14
427
365
366
366
116
350
318
252
366
366
369
368
289
35
369
371
239
431
416
378
372
374
374
267
213
374
149
221
374
404
378
378
379
57
379
380
197
380
37
381
381
131
382
383
147
33
384
131
384
389
353
389
99
392
117
327
394
394
71
395
398
225
398
483
496
398
398
399
203
400
215
220
400
400
20
124
401
214
209
402
304
430
240
297
403
183
407
125
408
409
410
166
410
493
410
355
134
410
158
411
232
202
419
156
412
270
289
169
477
443
163
44
413
416
417
430
283
417
170
400
317
417
417
267
22
425
87
418
422
427
52
303
428
428
428
429
429
200
430
67
430
74
260
208
431
431
105
305
60
190
405
182
432
48
434
154
415
434
435
485
67
435
84
258
436
272
329
211
438
370
384
209
438
362
384
438
441
388
26
67
317
442
443
2
131
290
444
255
445
495
362
431
451
446
447
448
301
295
303
369
448
68
450
451
160
452
452
326
453
380
298
454
16
114
449
491
454
455
455
457
457
465
413
458
459
462
269
414
160
462
113
464
464
465
466
467
469
433
233
470
446
131
470
234
470
179
471
455
224
122
438
472
473
476
477
477
70
479
480
306
480
363
480
481
481
365
23
482
482
484
66
484
274
484
485
485
488
458
314
263
145
488
491
492
498
226
498
498
320
500
426
205
158