1
2
2
3
4
4
113
2420
49
6
660
7
8
1448
9
1876
9
10
11
11
895
2200
12
16
1499
682
1199
2332
17
17
217
1264
2326
1207
1828
18
19
19
23
24
25
438
638
1483
8
25
1152
1600
1901
1557
63
25
925
26
28
29
1816
30
486
497
30
30
276
921
33
34
36
360
37
2029
1706
1652
38
1686
40
1984
40
41
42
627
45
1371
2102
2130
1990
46
1832
724
1872
1239
46
47
50
1372
293
50
296
2004
1430
1208
1902
1767
51
51
1975
337
52
224
819
52
52
2398
1274
771
328
104
52
1548
1545
53
55
55
58
58
58
123
1204
1500
1426
60
1617
1056
60
692
726
62
62
1255
63
65
65
67
2005
67
1887
1733
551
1670
1842
69
2001
27
393
41
1263
36
448
69
70
1491
70
72
74
2399
1783
1350
1975
1065
1888
74
77
917
624
77
321
79
79
81
82
1321
2067
83
113
83
84
85
564
86
86
87
88
89
641
2353
89
491
89
2227
89
90
90
725
2171
92
92
137
94
272
96
96
26
97
98
101
102
102
48
1260
103
108
2023
111
112
113
2070
113
113
2270
114
1439
115
15
1427
2350
288
2488
1247
115
1370
116
116
1620
117
119
1291
119
120
120
1585
120
122
124
124
126
565
127
1348
78
1658
129
129
130
132
132
132
443
133
133
133
381
786
84
135
136
137
280
1690
141
864
143
143
591
1374
1569
1353
483
1364
144
146
1942
151
155
561
714
1962
156
158
159
159
1276
160
1922
621
160
161
161
164
167
86
183
168
170
170
1265
170
171
171
429
2284
2480
1373
171
174
1532
176
1628
177
414
177
179
1625
1582
180
443
180
1225
182
1927
183
2304
185
188
1351
628
1188
190
190
436
192
192
195
1394
197
198
757
200
1544
203
676
968
1574
206
1920
207
95
208
603
208
209
210
210
211
1820
213
216
216
216
478
217
480
1783
218
2219
219
219
223
225
225
228
230
1055
2081
1355
232
1653
234
234
236
2151
647
2293
2309
236
1207
1979
1713
1590
237
166
238
241
64
1775
1090
72
244
248
2261
1125
319
1890
248
843
251
2406
251
252
253
934
670
253
1904
1999
253
253
254
254
255
1295
1649
1790
1919
826
255
256
26
829
1444
105
977
2026
1740
257
258
97
1657
258
1440
258
259
155
259
259
259
1710
260
260
127
1374
794
2359
261
1539
1351
262
264
954
264
267
267
267
271
1319
92
271
191
1548
874
352
1160
774
271
273
1511
313
273
70
2164
274
397
2067
1549
274
1181
2209
1913
276
277
278
1634
280
281
562
281
282
415
286
1240
1145
2027
1735
959
287
48
824
113
287
288
601
1609
289
289
290
291
1832
425
876
1679
2124
292
2471
293
1733
294
295
296
1418
296
2092
297
298
299
1773
758
299
300
2383
262
544
302
49
1646
302
614
304
306
307
660
307
307
308
308
308
1451
309
1426
310
310
1915
310
311
311
1900
313
314
319
1151
730
319
320
1120
325
326
1426
1390
2004
1335
831
1321
1436
327
328
1181
1079
328
995
2172
329
728
333
765
333
588
543
334
233
1527
335
336
336
1467
1829
1946
1294
2411
337
338
338
338
1995
339
2145
339
339
1752
343
343
343
2161
1975
345
2351
346
2282
347
1870
349
350
354
355
888
356
357
1699
357
357
2273
1521
358
359
1855
359
359
359
1809
2384
1289
2203
360
2454
360
360
360
1012
2362
1691
361
117
2081
361
1214
362
362
362
1338
1640
364
1887
365
1110
1239
365
272
366
368
369
425
369
306
370
370
370
373
934
147
373
2408
1292
1885
1594
816
1319
374
92
2413
651
375
2257
544
2128
777
376
376
2461
1625
377
378
379
1953
380
381
382
1942
781
1020
1410
389
231
390
1399
391
473
2104
394
1840
395
396
334
21
1402
1031
396
396
398
818
398
808
399
399
2281
399
1657
910
402
2301
850
404
404
405
405
242
143
207
406
407
408
288
408
410
410
2348
410
410
411
412
412
412
414
415
2349
1043
416
417
1021
2122
947
418
2033
1631
312
1260
418
1047
1909
418
191
2081
420
57
1920
420
581
420
2060
421
421
835
2249
421
2048
421
678
422
422
425
546
427
596
1501
662
428
431
1831
432
434
436
438
438
439
2333
207
1932
540
379
2271
439
441
1176
1159
441
2023
441
443
2453
443
786
28
446
447
1840
2024
449
1578
1369
1159
772
450
450
1633
451
759
444
451
451
452
1850
453
2201
581
1364
455
2259
804
1665
720
137
455
457
10
457
457
2087
621
167
684
1500
457
458
191
77
458
459
564
459
459
460
461
462
462
462
464
465
2059
11
466
637
21
463
1083
467
551
1387
468
1455
1982
468
469
470
1783
471
1788
473
2369
574
474
1230
475
475
1330
941
476
476
579
476
1136
982
476
863
476
639
478
241
2371
479
479
451
1107
479
1474
1442
215
839
974
835
2357
2257
372
1977
479
2481
319
2223
1014
481
482
482
484
2490
484
486
1754
1515
1092
488
2001
2458
489
821
2162
489
167
491
492
782
1061
504
1086
493
460
494
1676
495
496
995
2415
1690
2500
1981
1965
496
1629
498
500
1032
2167
381
1979
500
159
501
505
1190
523
226
1934
2269
862
507
1904
143
1172
508
394
2378
1852
508
875
509
1577
812
509
1069
510
512
1714
820
513
433
514
1033
481
514
515
550
1490
517
520
521
1485
521
2477
1998
905
1685
522
524
525
578
525
527
1807
1334
1816
527
1123
164
1604
529
820
1506
2344
760
1797
529
123
529
530
531
410
1674
2016
1862
532
2019
533
534
534
535
2247
536
538
538
543
543
52
95
191
544
544
165
544
545
1902
499
620
545
546
546
2280
134
536
547
547
548
548
548
1324
734
550
2103
1999
551
551
554
1349
352
557
557
557
675
1229
558
1087
540
228
606
423
558
559
1310
562
1442
563
1825
564
564
109
1307
1341
565
566
567
1153
1369
1292
567
2107
963
946
1864
568
1268
569
569
570
1176
570
570
176
571
206
2462
182
1923
572
574
578
581
515
1766
1943
584
1724
968
1327
274
1645
846
2159
585
586
587
439
740
587
757
1850
1359
587
36
484
588
37
178
2434
589
2191
305
183
1011
589
1702
1659
669
175
42
392
590
2201
590
708
591
592
593
594
596
630
876
597
597
1014
600
1615
820
215
600
181
73
2396
602
276
602
1773
229
603
1144
604
1060
605
2400
609
1160
243
1216
1433
610
611
842
611
894
19
613
614
614
616
616
616
859
617
105
617
617
1505
850
618
1330
621
1940
481
621
907
138
1379
1198
625
998
622
622
2120
623
2131
2200
1668
623
624
625
555
1140
627
629
1465
630
1086
804
633
418
1586
1606
2476
634
636
637
638
639
640
414
644
1328
984
1575
748
986
1421
1913
467
2199
1470
646
548
647
649
650
1790
651
261
654
657
660
661
29
661
2424
662
662
1501
664
497
664
565
667
668
1045
669
671
2463
1865
2052
672
352
672
688
672
409
672
817
674
2456
674
1117
325
674
675
2149
675
676
677
780
2468
249
679
2076
1899
679
1435
679
680
2225
681
683
684
685
1705
685
686
687
688
2389
689
689
690
1087
690
691
694
2272
694
696
696
103
696
1470
699
1412
700
1587
1782
700
701
701
406
151
1946
433
2126
337
703
1455
703
703
2378
2122
704
704
1736
705
706
709
859
335
1239
709
711
715
716
717
718
721
721
324
1775
721
108
149
1052
557
1169
721
722
2070
722
1686
723
723
724
724
725
2302
2178
727
727
2055
732
2495
734
737
737
376
737
738
739
739
739
739
741
741
1674
742
745
58
2178
745
1561
746
747
817
1125
747
748
748
748
1433
750
751
1469
1142
751
753
1785
753
754
755
756
757
949
759
759
560
760
1157
1395
1790
831
760
545
1163
1067
761
761
1555
762
285
809
762
762
762
2117
763
765
766
776
472
767
708
768
768
1960
1375
768
1083
673
771
773
1691
1338
774
94
836
618
775
2220
598
775
776
776
239
777
777
777
67
778
1724
1413
867
779
1949
779
1598
780
1398
2212
2230
780
784
253
785
228
787
788
789
790
790
996
1444
790
676
791
263
2039
793
794
714
1811
796
798
482
800
2254
804
805
2195
104
807
2334
807
1289
1486
809
1838
810
2452
814
300
891
520
867
815
2042
783
915
1246
2103
817
1468
817
2291
135
630
821
822
1103
1595
823
823
1056
1140
950
823
875
824
2386
387
826
826
1123
828
828
828
1583
831
2401
833
1612
2283
834
834
2216
38
836
424
837
235
369
839
848
302
839
1620
1156
1245
839
839
1507
840
1970
2356
840
841
1536
1844
1600
1785
841
842
951
842
703
843
845
845
846
79
949
846
848
526
851
1958
1362
1497
852
852
949
852
852
854
1197
1598
855
858
858
1344
860
443
767
1826
1135
1446
861
862
862
862
863
2029
864
864
864
865
1464
2200
867
869
2268
1194
418
871
872
874
915
874
1108
875
876
1125
878
1596
899
813
878
860
878
879
1985
880
551
1963
880
1137
881
436
832
2357
881
965
1375
1041
793
2406
16
881
137
882
2179
882
1276
885
885
896
1767
885
885
887
888
1153
888
1682
891
892
892
893
30
893
895
1052
1004
387
897
1308
897
1779
900
901
901
903
2018
919
1743
905
906
906
2074
910
1096
912
913
606
2344
1440
1046
914
914
916
1374
917
918
1305
919
679
2206
920
2226
81
920
921
923
923
926
927
1125
143
826
927
208
2248
928
1117
928
644
928
928
2462
388
929
931
932
934
1420
936
936
791
1682
817
936
937
1698
2296
937
939
202
1658
30
941
1947
1591
2136
2376
1889
549
941
1690
10
838
943
1587
944
945
945
945
946
947
762
2066
947
947
1530
1972
948
950
1418
2433
247
1483
951
1477
1246
2404
1814
2437
951
952
956
959
140
959
963
1799
964
966
1914
952
968
2442
969
1718
1272
1316
465
969
970
1884
970
971
2298
972
2169
978
1474
782
371
980
980
32
980
981
1688
981
982
984
985
985
1956
2311
986
730
2267
1900
987
987
904
2075
628
987
418
989
848
990
990
990
1365
1946
991
992
137
992
2188
1879
1965
1919
1462
994
994
92
995
967
1754
560
1743
792
996
591
1081
661
1458
1214
996
998
999
1172
2378
120
999
631
2159
1027
1645
1279
2489
1001
2071
1002
1876
1004
925
1004
1368
1406
1042
1747
601
1004
1004
2260
1631
1689
1005
1006
1881
1312
1218
1516
1471
421
365
1007
571
59
1007
1132
1012
1013
2316
1015
1016
331
286
1017
1017
1018
1018
1021
75
1021
1021
680
1799
1021
1021
235
1024
1025
1027
905
1028
1889
1028
1430
1029
132
1034
952
1034
99
1505
1037
245
1038
1304
629
851
1038
481
620
1569
1039
1320
1040
1040
577
1040
838
615
1040
1878
1645
32
828
1040
1041
445
2248
2088
1690
2362
606
1042
1042
716
2449
560
1862
1043
703
1228
1044
1044
1518
1877
1044
573
2352
1045
675
1353
1047
1048
1048
52
1267
1048
2459
1864
1049
335
1049
567
1042
1781
1626
2196
384
566
1255
1049
243
1050
1051
1465
440
1051
2414
1525
1051
1052
1052
142
1054
1377
923
2404
1055
1055
1056
1057
1638
1058
1058
2469
1500
1059
1061
1061
1174
1009
1062
881
2457
13
1206
1063
2104
1063
1065
1065
779
1394
1066
618
1329
1067
1068
2309
1069
1765
1070
43
1072
1074
1045
1390
1077
1028
1126
918
1077
1079
69
1079
1080
1866
1082
1083
1085
484
286
1088
1088
1089
1090
1091
1982
1337
1092
238
1631
812
2165
1317
1092
884
1093
737
10
952
1093
1094
610
1095
1095
2358
1096
612
1096
1096
2037
1097
793
1099
1102
1103
1103
1104
2341
1106
1107
1107
1107
1110
1110
2454
1716
1111
348
326
947
1112
356
1113
2490
712
1497
1114
2421
1114
474
1114
1115
1116
1117
412
1120
1120
1121
457
1122
1122
1125
98
349
1281
1383
1181
1126
1127
497
1128
882
988
527
2428
961
1128
1128
475
178
1129
1130
1130
1131
1133
1143
1888
447
1134
1134
1135
1135
1572
1644
2300
79
99
1761
1138
1139
1139
1139
2256
1140
1141
881
1141
1143
1145
1146
1148
1131
1149
1149
235
1784
462
880
1150
1151
1779
1779
1563
751
577
1151
1687
1158
1158
1160
1161
1162
1597
1162
789
1162
2452
1162
1430
1003
650
2459
1164
1527
1164
155
1164
1703
1166
413
1167
1167
327
1168
1168
1168
994
977
1169
1385
2064
981
2352
1774
1170
1101
1171
1171
312
1478
1657
392
1172
1172
862
1173
1173
1150
1175
208
1175
1175
1178
1178
1241
407
243
1884
1430
1179
1181
1795
1182
497
1184
1184
1907
1187
1188
305
1188
1190
1191
1693
1191
1192
1193
1194
1195
1195
1555
1196
1198
1198
1199
1199
1688
1200
1633
1058
1201
1649
717
874
509
1744
1201
1653
171
1202
2031
106
1202
1204
1204
1816
1204
1205
1236
1207
401
1211
1212
1213
891
1742
1213
1214
1758
1214
2375
2362
1043
529
1218
759
1856
1317
2427
1512
1178
2016
1219
1326
110
401
1221
1221
1222
2200
1222
1222
430
1222
1222
1637
1223
1226
1226
1598
1227
1778
1228
1228
1228
1229
1182
1759
1229
1229
828
1230
1232
169
1655
2465
1232
1232
788
1233
1234
1658
1235
1237
1237
1238
1238
1239
1240
597
1242
1242
1244
1582
1435
706
995
1244
1245
167
1246
1224
637
1439
1248
88
1249
1250
1066
1250
1252
1252
1044
1254
1254
1255
1907
627
1258
2078
1507
1260
1626
1702
1260
1260
1262
277
804
1262
1549
1263
2033
509
1264
1275
1266
1266
1267
1742
1268
1271
1272
1272
706
1273
27
1980
1273
848
1318
1373
1276
1297
1277
282
1277
1263
2019
1278
1280
1281
1281
1281
1281
1284
142
2263
1284
491
1285
1078
1285
1000
1287
1287
1287
309
2467
1289
1289
1290
1733
1526
1291
475
2001
1447
156
1528
32
238
1291
1522
1294
1921
1846
1486
1294
1295
2220
1296
1299
1448
1059
771
2234
1299
1301
1302
1303
1303
611
176
1306
454
1307
1639
2047
2390
1307
1308
1309
1309
2101
1312
2049
37
1313
1671
1314
1596
1953
1314
1316
1316
1573
1316
1607
1317
1703
2473
1320
1501
1320
2083
1320
1862
1322
56
1324
1326
540
1326
1930
431
1328
1281
682
1334
400
1780
1329
705
1329
2230
1329
1330
1332
1334
1334
89
1335
1335
2312
1335
1336
1336
1338
1156
1340
1340
1341
1341
1553
446
1343
1345
1347
512
1348
612
327
268
1267
1884
1348
538
2303
1350
2284
1465
1652
1351
2102
1352
1038
1354
2394
875
1355
842
1360
1361
1363
303
1364
450
1364
91
1365
1366
395
1368
1369
1239
1787
1994
1736
1370
703
422
1522
1371
1372
494
1374
1559
2010
1375
2228
945
1774
495
1376
1379
1379
1380
1190
2068
2019
2493
1801
1384
1386
1389
1390
975
632
1391
1391
1391
1392
1392
689
1393
179
1660
1394
1544
1394
1968
1374
1394
1396
1398
1399
516
2457
1399
1400
1401
1404
2023
1368
1117
1405
15
831
1406
1407
1010
1407
1364
905
1408
1409
1189
2188
139
1410
1411
1411
1413
1416
267
1891
1418
1418
1418
1019
265
1419
380
1107
112
124
1849
1419
1420
690
683
1421
1421
2007
1423
1425
1390
1430
1026
1431
1431
1982
1431
1916
1244
1408
421
1623
852
1590
266
1716
1433
29
776
1434
1434
632
1813
1434
1435
3
1437
1438
1438
1439
1441
2120
1103
1512
1443
1443
1446
1446
859
1105
1447
71
1448
2401
310
901
1448
269
1449
1449
1912
538
1450
1452
1452
1462
1454
1455
2441
362
1455
235
649
1457
589
361
1458
1551
223
317
1458
2007
1458
1460
1282
1460
1461
2091
919
2080
783
1462
1464
1464
1464
1464
1465
517
2031
1535
1127
1466
1466
1467
1467
1469
568
1965
1469
1470
1422
1473
1475
906
1477
2340
1866
746
1154
1478
1478
811
99
1479
1480
301
2350
1482
1484
1484
1487
1488
1531
1126
1476
1292
2273
1339
1488
2420
1489
1490
2045
957
550
2115
1491
1491
1492
1493
1494
1494
1495
1495
1495
1496
85
810
1497
1497
1499
71
1501
2432
1501
1503
1504
1504
45
1506
1000
1506
2296
1506
2029
2210
1507
1507
1508
1509
1510
833
1511
1512
1512
1512
2301
1793
1513
979
1894
1515
1518
1568
1637
1415
47
1519
1521
1521
1523
1523
213
428
1524
1524
2058
1526
1526
1528
757
1206
298
1529
1162
1529
1489
1350
1531
1532
1534
1534
1244
1535
945
1398
1536
2005
1140
1999
1537
1537
1540
1632
1680
1542
1967
1543
1545
1545
2420
1546
2314
2237
1546
1810
825
606
2109
1548
1548
1296
1875
1549
1825
1551
2214
381
1552
391
1552
1552
715
1553
1555
2475
707
693
2275
1555
882
1557
1557
1348
2040
1557
1627
1448
1557
1558
463
1559
344
1934
1839
1562
1617
1121
2308
1562
1563
1565
1566
1998
1567
1568
1569
1570
2150
1163
1571
1571
1296
1571
1572
1172
1574
1575
2480
1575
1576
1552
1576
1576
1577
364
1578
1580
976
1580
1580
1581
1581
1581
1583
1619
2145
1583
1583
1584
2383
1585
488
69
1374
1587
1587
1588
1589
1590
1592
1066
1592
643
1592
1594
1594
664
88
1595
1597
676
1598
336
1598
1598
411
1601
1602
1602
1605
746
2130
973
1606
1984
1607
637
1608
1608
1609
2260
196
1609
1611
115
1612
1615
911
1616
1616
1617
1602
997
1618
1355
1618
450
1619
2321
1619
1840
1620
1620
2071
1620
1039
1620
415
730
1470
1622
470
1622
1623
1623
739
1624
2294
733
1625
1625
1703
719
1626
2328
1626
1626
400
1628
1260
56
1628
738
1630
1631
1031
1633
1202
1633
1634
88
543
2174
2323
1635
1635
2082
708
1635
713
1736
1635
1635
387
1636
1265
1636
1639
1641
831
931
1268
2309
1539
693
1642
1643
1643
1167
2169
1620
1643
1867
2280
1644
1645
838
1646
1647
2114
1649
1650
1692
1651
942
1655
707
1656
1656
1658
2490
825
1661
39
364
1661
1551
1662
2078
1662
1683
670
1049
497
1662
1662
1663
1402
486
1343
1663
1315
1666
1778
1667
1667
1934
416
1668
1668
18
1374
1670
2378
2464
1670
2116
1157
1670
1672
1850
2413
1675
1676
1676
257
1677
2062
1678
2471
514
1637
1368
343
1679
1679
1683
1244
1684
1645
343
1684
1684
2184
1914
1686
1686
1688
33
1688
1691
1691
1693
1220
1694
2009
1695
2467
2288
1880
1699
991
1702
1702
610
1703
1704
1579
512
1705
251
1706
1368
1706
1707
828
1749
1708
1708
2374
1709
1562
2105
1711
955
1712
1719
1719
1720
1185
192
1529
2453
1695
1720
1722
1722
678
1723
1079
1723
1723
1724
1514
745
1724
1725
1927
1725
855
1726
1677
1726
1873
2211
813
1726
1726
2269
1727
2091
767
1728
1729
1131
1730
1730
2437
1193
1731
42
1732
1733
1734
423
729
1735
1735
395
507
1738
1738
1738
1740
1740
2430
1488
1743
1307
103
2386
1744
598
1131
139
1745
1745
1745
2069
339
1745
1746
992
1748
78
1750
1752
1752
2160
150
1752
785
203
850
1753
1964
1753
1753
1097
1755
1759
1759
1736
1760
2155
1762
1762
1179
1764
1764
1766
2364
2450
2239
486
643
2457
1768
508
1772
1540
1773
1773
1773
61
1777
1371
1778
2338
607
91
114
1779
1780
1387
558
2350
1781
1783
1713
77
140
1784
2189
1334
1784
1785
34
1258
1786
473
1786
1787
1787
1788
1036
425
1788
2061
1594
2423
2233
1788
1827
1070
1790
573
1796
1914
1797
1014
1798
1798
1628
1799
2212
1799
1799
1893
1803
1806
1807
1809
2243
1423
1810
1811
1185
1812
2380
1812
1185
1509
1814
1815
1815
1816
2297
1819
1819
664
1767
1822
2149
1950
306
675
1039
1824
1544
1824
2099
1825
2005
1825
97
1827
715
1828
1832
1986
2314
1833
1834
1834
1823
1835
1835
1047
1835
1836
1594
591
1838
1838
1838
1839
1839
770
1839
1841
1196
1842
101
120
1275
2119
1845
1454
1846
2304
908
1846
939
1846
1848
1849
1850
1850
1642
1892
1101
2442
2274
1851
133
1851
580
458
893
2223
1292
1853
1855
1855
2165
1855
929
1856
1112
1903
2398
1857
1510
1859
863
938
1859
1860
1861
1983
1863
222
1863
1864
1865
1573
1326
594
1570
1102
1866
1167
1868
1407
2324
1870
1870
1639
870
1872
1872
1873
623
979
1711
49
1873
1985
2108
1873
1874
1876
2229
1876
1878
1408
1878
1878
1880
1881
1881
219
1881
1882
1335
1882
1944
1883
148
1885
91
2063
1138
1886
1886
1887
1887
1529
1888
1888
1891
1600
1735
1892
1896
2324
2251
359
63
8
1359
1897
1995
1898
1900
1902
449
897
973
2459
1496
844
1078
1219
1902
1903
163
1733
1903
1904
1905
1905
1205
1905
269
1907
1907
1907
1087
1912
1001
1912
727
818
1915
264
1935
1916
1215
1917
1917
1921
1923
1925
1155
1346
1926
1926
758
1927
690
2387
1927
2493
1929
957
198
1929
1932
1935
1935
1936
1937
2245
2388
2009
131
1938
2267
1938
1941
1941
1942
1945
12
413
1945
1946
1946
2147
1947
1950
401
1951
1985
1951
2372
1951
2088
1952
2064
1954
1956
1833
1956
1959
1960
1419
2492
1503
1963
1963
1481
1963
1964
1966
1967
907
1968
2344
2404
1509
1970
2400
1217
978
1970
2012
1984
1973
1974
1303
1575
936
1974
1468
1975
1473
2250
731
1976
1253
1976
1977
1977
1979
2374
1980
1620
1981
2220
96
1238
1982
1917
1982
2
1984
1986
1986
1987
1990
890
1799
1992
1431
1993
28
15
1994
1995
1996
1997
1850
1998
1999
838
1999
1415
2002
911
1947
2003
1905
2004
2005
2005
1063
2007
2008
2009
400
2010
2010
375
928
2011
1072
2011
2012
776
2013
2014
1142
505
2015
2173
2016
2016
939
594
2018
400
1772
1077
2019
2020
2020
1640
2022
1534
2023
2024
46
861
1759
101
2026
2026
1815
607
2026
2028
2031
339
1967
2060
933
1510
2142
1652
1641
2031
488
2470
2032
2225
1934
2032
2033
280
1109
2034
1218
2035
2035
1104
488
1006
2195
30
2036
2036
2037
2039
2001
623
1572
2040
2042
2044
1328
1906
2044
895
2044
1330
1836
2044
2045
1055
2398
2392
2047
2047
943
1035
1936
2052
719
67
2054
2054
2054
2055
2344
2388
2055
2056
2057
1285
1893
1441
2057
2058
220
2058
2058
2059
407
2061
2061
1984
1819
2062
2062
729
2063
1441
2066
2069
537
2069
2070
2070
2070
2071
2071
596
1280
2071
2080
2082
258
1922
2085
2086
2086
2087
2089
1316
1068
2089
2089
2089
2089
2091
2091
495
780
2093
186
2095
2095
2096
790
2097
2097
2202
2097
2098
2099
867
1693
2105
2099
501
2100
2102
2008
527
1235
2103
2104
1039
2105
2106
1118
2193
2106
2107
811
956
2315
2109
541
2109
2109
2110
2110
2111
305
2256
1711
2351
2111
546
854
2177
1311
2112
1399
2112
1531
1023
1405
2420
1481
2113
1932
79
2116
2211
2116
1921
935
2116
2117
2117
801
2118
2120
2123
707
2124
2124
2124
703
2125
1053
2126
1639
2126
76
2127
2127
2128
945
98
2128
1383
2130
1902
1994
1367
983
2279
524
2130
2130
2132
1380
2136
2110
2204
331
2136
245
2136
2139
2139
2146
34
2140
576
368
2140
2035
2140
1819
592
2273
2141
899
1923
852
1196
2142
2143
2143
2144
2145
2147
1391
1510
2148
511
2148
2149
2150
2150
2151
2302
2151
2153
2275
2225
2375
2500
2153
2154
2154
2156
2156
2156
2156
1401
2157
943
2158
2158
2161
2162
532
2163
2164
80
690
2354
1228
2164
2164
2165
2167
369
698
2168
727
2168
660
2168
136
2170
1622
2173
2174
344
2177
2132
35
1043
2177
239
2177
2178
2178
788
331
308
1769
2179
190
1781
651
112
2180
1563
315
1974
1716
2180
2183
2183
2183
2183
2183
1567
1860
2190
2190
2192
2192
506
1080
806
1926
555
2192
2193
128
2193
2193
774
479
2193
1784
1737
2196
857
664
2184
960
318
2197
1977
1842
2199
2199
447
2201
1909
2202
2203
2206
2206
1835
1501
2093
392
2207
1314
2207
2208
861
2208
2208
1596
2208
2208
2209
2061
2209
1082
568
2255
2069
2210
1836
2210
2217
1724
2217
1527
2306
2081
1817
906
2219
2221
2221
1104
1065
2222
1340
2223
2227
2297
2229
2229
2213
534
2230
785
2230
1437
2234
368
2234
2234
1092
517
1691
896
1816
2234
267
2235
950
2235
2336
253
2239
2240
2425
1174
1194
1339
1257
1850
370
2240
509
20
2240
278
1855
2241
1004
1231
714
2243
907
2244
411
1984
2050
1742
2245
335
2245
2245
1141
957
2246
367
475
2247
2248
2188
2249
2250
2221
2251
1001
2251
1536
2252
2252
2254
787
1817
1194
1248
2255
7
2187
1713
2255
2255
2255
2258
2258
2258
1746
2421
2258
2262
2262
32
2264
2268
2269
2270
854
2271
2273
2273
1937
1711
2030
2273
2273
1208
294
2273
1884
2274
883
2128
1172
2275
2275
397
2275
2276
2276
1516
2276
2277
1083
2278
963
204
2279
1569
2280
2280
2280
2280
611
2280
281
1306
2283
2285
2286
2286
1298
1904
162
2156
2286
2294
2294
2295
2295
712
1096
1596
1867
2296
2297
1175
2302
1387
2303
2303
1127
1068
1513
924
1935
802
1347
1854
2304
1815
871
2304
2305
2111
665
2306
2453
2306
2308
979
151
967
1527
1355
1682
2311
1254
1587
2311
2312
1823
2312
2001
2312
1809
644
2314
2316
1965
1844
2317
40
371
2318
2319
2322
2322
2325
2325
863
2326
851
2327
2334
2334
1265
126
2334
546
1447
2335
1666
2283
2235
737
2336
2336
2340
1959
2341
2342
1224
1014
844
232
2346
2347
1041
2347
2349
2351
2352
2352
2352
1552
2352
2353
2353
1744
2355
2356
2357
2359
1950
2361
2363
2364
891
2364
2364
2364
1463
53
2364
2365
1505
2370
8
2371
2371
510
409
797
2373
2374
2374
2375
2375
1571
2377
1457
2380
2381
2381
60
682
2263
2382
2382
1102
2382
1612
964
717
121
1494
2383
2368
1114
2387
2388
2388
2388
203
393
371
312
1714
2225
2389
2391
2391
2391
2392
1227
2393
2394
2395
2007
1249
2396
1920
954
2297
2399
2399
2176
646
2400
1434
1146
133
2401
2402
2403
1861
2484
2403
195
753
2405
2406
1519
2406
1626
2407
2407
1854
2407
237
2407
2408
2392
1945
1604
2409
1328
2119
2409
2410
2411
2411
687
380
2451
1546
2413
2414
2292
2416
2418
1543
2419
2421
2422
1574
2422
1884
2422
81
2423
355
1069
2424
2425
2425
2444
2425
1635
1871
1044
2426
2427
535
2418
1225
2428
2428
2429
1540
2430
81
2430
2495
1265
2433
2433
48
2434
2435
2435
2435
2436
740
2437
2396
2439
2441
2442
2088
2216
1104
1132
2445
2445
470
2447
2450
2452
1125
208
352
2453
2454
2456
2457
1054
222
2458
364
2458
2459
1866
454
1820
2460
611
2461
1704
2461
27
53
533
2318
1459
842
1934
1688
410
2462
614
2428
2462
2463
2464
2466
2086
198
2466
2469
2470
2470
2471
2025
500
2033
2471
2471
2472
2473
1291
2451
2179
2473
2473
2473
1888
2476
1518
2476
505
2477
86
1510
2478
2478
2389
2479
305
2479
331
2439
2480
821
409
2480
2481
906
2481
1435
2481
2482
2493
2236
2482
2483
229
2402
1756
1079
605
2484
1860
2486
1711
2418
2486
457
2487
25
2489
2492
2492
2493
2493
2494
2380
2494
2495
2496
2496