1232
1
1204
1173
3
1058
3
1813
4
536
2280
4380
158
3086
4320
4407
3741
4009
3161
2743
4
3335
435
6
3684
8
1734
10
4077
221
10
12
17
739
18
19
2029
3462
19
4437
4148
19
20
21
2635
21
21
22
3237
361
1593
22
566
1783
25
25
2882
4378
1440
26
29
1867
30
1080
32
32
33
34
35
37
37
2488
188
3989
2187
37
39
40
1498
1260
1160
41
2232
41
41
3797
41
136
303
2475
4463
42
42
2937
48
4781
48
2532
49
1041
2242
2205
2034
1698
755
3757
1925
4301
51
4347
2638
52
52
52
4268
54
55
4035
1779
2968
55
56
57
860
57
656
58
4100
59
4843
1979
2107
62
63
64
64
65
263
1099
1826
4350
2872
66
68
2440
68
68
3738
4531
240
2523
70
2466
1287
71
3623
4517
72
1745
72
4730
73
2407
74
74
75
76
224
4058
79
1104
1614
3594
3585
79
80
963
2356
1438
3195
2637
1704
2861
82
4314
82
82
828
1810
83
891
2667
83
1172
2490
4764
84
2302
2276
2103
87
3632
1995
88
2488
1476
2878
313
90
1765
4076
375
91
3095
94
95
1775
3930
98
98
4187
98
98
100
102
252
2942
912
4847
4965
1751
103
4754
2405
105
2103
105
106
110
3843
2781
113
4764
114
115
115
117
117
117
117
118
2624
120
276
4472
1910
2996
3429
4550
425
120
122
3837
3964
430
122
3404
1873
123
124
2819
124
124
992
128
128
4431
129
4067
1862
4
3952
129
3429
2501
4640
130
499
4655
596
458
231
130
4925
4868
132
132
132
2223
134
135
409
137
4821
2356
3472
1008
598
137
137
3122
138
3278
4797
2907
4603
138
139
831
4131
3855
140
3480
140
143
143
144
4874
145
2703
2293
147
149
4741
4955
152
153
4817
153
3753
153
4151
568
2869
153
1564
153
3936
1958
153
2568
722
154
154
156
156
157
2642
3815
669
157
159
162
2802
162
2334
164
165
166
2618
166
3193
3343
2166
1738
168
4683
169
170
170
171
172
172
173
173
173
174
3672
2420
4914
4282
174
2350
784
174
175
176
1855
180
180
182
184
4192
1239
184
2820
186
190
191
4411
192
192
192
4283
193
4215
322
194
4764
2448
3179
194
194
4134
195
195
197
1462
197
198
199
199
969
199
2492
4400
4932
200
202
202
203
203
207
3646
208
209
210
36
210
1341
211
212
1534
3548
4036
261
231
213
1524
214
214
4817
1522
215
215
2184
4550
438
2240
217
1325
407
354
920
4810
218
219
222
1487
222
3987
2418
223
224
4362
225
225
226
227
227
227
148
229
2643
229
3638
230
230
3486
232
234
1401
234
238
241
2459
241
242
4825
242
247
3935
3424
249
3277
249
250
250
252
252
2725
254
4668
4129
4589
617
254
255
255
2591
4734
255
256
256
741
4077
680
4348
4003
256
257
2991
2232
1199
4850
260
260
1219
260
2510
261
39
2284
2447
2850
262
262
263
4241
1926
263
4056
4609
263
1777
265
2647
269
4430
271
272
2896
273
275
279
279
280
3633
3912
280
1491
4
4709
3772
455
1007
2466
2411
2852
281
4015
284
694
284
286
1448
291
2132
293
2884
2166
3750
3615
297
1117
298
3098
299
299
2790
300
301
451
4893
302
367
303
2571
2240
304
4328
304
304
306
2685
306
3778
205
306
4536
3390
4463
3126
2149
307
310
3662
311
2394
312
3284
3964
4818
312
314
3321
4338
3667
315
531
3889
317
319
2622
254
320
1338
320
3531
323
3055
323
3837
1441
324
2801
380
4362
325
1713
326
4991
326
327
4919
1681
328
330
331
331
331
1722
1233
332
376
708
332
3959
2802
334
336
337
2905
1132
337
339
3746
2963
2674
339
2229
4522
340
4339
341
4393
341
342
344
4790
477
1558
298
1333
346
233
3318
347
347
2036
353
464
3290
2795
1603
353
353
354
2133
844
355
3425
356
357
358
358
358
2781
358
359
360
1942
2469
362
365
368
370
372
372
1495
1401
372
375
375
378
1943
378
4215
1931
737
379
3821
379
678
380
1718
912
1007
4654
4745
3221
128
4921
384
384
589
1269
385
386
386
386
848
387
4024
388
389
3196
389
3822
4835
391
2525
391
1884
394
394
593
395
3181
1876
689
2967
666
396
396
731
1698
400
2585
401
401
402
402
3131
403
1758
3629
2435
3024
403
2549
405
407
659
408
2461
301
409
409
1441
3384
411
3959
411
3684
413
4684
414
415
344
3804
1267
2249
2236
4702
1174
648
416
1813
417
4174
417
199
418
4224
2848
418
4030
2905
4471
782
419
4804
1006
2735
2896
1449
2132
419
420
420
763
3383
3713
3559
4423
422
2798
424
3783
425
426
675
428
782
430
431
1279
432
171
433
4677
3766
3136
359
1191
435
2287
723
436
1964
437
438
439
878
439
440
443
445
4461
4434
449
449
2587
4037
450
450
1690
450
451
452
1303
3760
452
452
2364
454
4830
455
2301
4347
455
455
456
459
459
532
1801
460
1145
463
2220
463
464
1023
4181
3712
1018
2925
348
464
464
616
465
465
466
467
468
1418
2413
469
4261
4200
469
470
1171
470
4496
3406
470
2547
2665
470
471
4801
472
2063
1197
366
1427
271
473
1212
4887
477
479
479
451
4631
480
3794
480
481
481
482
483
483
942
484
485
485
4443
485
2245
1961
489
490
490
491
492
4903
493
3262
3424
2289
213
493
4865
4304
3909
495
497
497
498
499
4945
499
500
501
502
254
51
4878
3125
123
3968
504
505
508
508
2276
508
3224
945
3570
2933
2904
509
2315
511
748
2402
3892
58
4710
512
512
512
2033
3141
3896
4215
516
519
520
520
522
3706
523
523
2911
525
528
529
529
530
533
578
536
1450
2562
537
797
539
540
1572
3123
541
543
1569
544
544
1714
1852
4273
4271
1445
545
546
4639
1846
2919
2956
550
4330
3796
550
552
552
553
554
555
558
559
560
560
766
4662
561
562
1855
4041
563
856
563
564
3666
567
3358
2312
3403
2842
809
567
4122
567
859
3581
569
570
570
571
4976
573
4311
573
121
574
576
3286
577
577
1126
578
579
581
581
3091
583
584
3358
584
1576
587
4878
2727
588
589
3462
2610
590
1555
3859
590
592
4451
1290
2135
593
2423
3605
2376
593
593
594
597
3698
2837
598
4742
1673
598
598
662
4084
41
858
599
600
602
978
3798
602
604
2124
1096
1965
976
604
604
1807
605
1060
606
607
607
3657
1567
608
336
612
1781
899
4391
517
612
3171
1678
3884
613
615
3532
3206
3149
615
617
2661
617
1877
2502
621
622
622
332
625
627
630
631
1406
632
634
637
4064
769
635
637
638
1303
638
639
639
639
640
640
1964
641
3449
2750
642
2853
643
644
1778
645
645
649
653
653
1081
654
654
1276
2034
4935
924
655
2754
1814
656
61
4767
658
4090
1942
3912
884
2646
658
557
662
662
664
502
665
3225
692
4572
665
251
306
2988
4871
665
1595
1287
667
671
1352
3980
671
4723
671
2738
673
1546
2012
673
675
3857
676
677
677
1422
677
678
678
4427
3579
679
679
4485
679
2156
680
4823
683
3126
683
683
683
685
685
1165
687
3225
1511
689
690
690
690
692
695
695
695
193
696
4237
697
4238
1468
3037
696
697
697
194
2831
4372
3160
698
699
701
701
703
1164
3065
705
706
706
708
269
1647
4464
709
2727
710
3113
3056
712
712
714
4142
715
716
716
717
717
717
2559
4743
449
655
718
718
719
722
722
2457
591
722
722
723
3950
692
723
3998
3743
1100
724
724
726
4629
4335
726
3678
4771
3444
1041
728
728
372
3638
4195
31
543
733
104
4848
734
4836
4716
734
1103
3607
4580
736
1722
736
2160
737
738
740
1947
741
2658
742
2136
742
743
746
3218
747
747
172
748
748
639
1619
1799
1553
2286
449
2066
749
751
752
3127
753
754
2540
1263
756
2512
2724
161
4926
1305
4154
2403
1662
4237
4404
2579
2900
758
758
2187
100
1311
171
758
331
3621
8
2166
2051
3015
3705
2142
758
3563
758
3540
729
764
764
4684
765
3990
765
766
4583
767
768
4815
769
770
772
1507
772
1190
774
775
776
778
778
779
780
781
782
3742
783
4082
784
158
3744
2314
3735
784
2558
784
1388
3502
1446
3599
4456
1767
3495
3827
785
785
4045
789
790
2182
2497
790
1360
790
1915
794
794
795
796
797
797
797
799
799
801
801
802
1549
1721
2119
804
806
2368
4837
454
227
4529
806
807
319
807
809
4754
4119
3165
810
4853
812
1786
2995
1954
816
816
818
2188
819
820
822
251
823
3722
823
823
824
3864
826
2512
828
828
46
829
2827
831
833
836
839
842
844
844
770
844
845
845
847
848
849
4612
850
850
1063
851
852
854
329
854
855
856
858
859
2846
859
859
3335
371
561
855
4413
3536
698
3597
1786
860
861
4870
862
862
4295
863
865
4595
282
3137
2158
867
867
2717
2921
3703
3954
868
868
2754
4715
869
162
872
872
873
1229
874
1983
3905
3558
4560
875
3790
877
881
882
884
395
884
1497
885
3887
171
886
886
887
887
4892
889
890
892
2391
4728
4986
1246
892
894
4746
896
4659
4181
896
3373
1081
897
2286
1223
4205
898
4516
898
4183
2579
4261
899
3653
901
902
903
903
4502
871
904
904
3395
905
907
452
3065
892
102
908
911
911
911
911
3845
3744
912
907
915
1081
916
4346
2374
1806
945
1636
918
921
3879
921
921
922
813
4693
923
924
925
927
1585
928
928
2711
929
930
888
930
930
931
1713
2607
1310
2215
932
817
3422
3259
933
933
934
3893
2106
1283
934
934
936
936
938
938
938
939
941
2339
4623
951
951
4578
952
696
954
954
4042
957
4128
2239
957
958
959
961
962
2817
30
1102
1542
962
962
4838
78
963
965
1452
4381
1696
966
967
891
1263
970
4808
970
4030
1852
971
1129
971
639
972
1226
3262
3864
974
2130
4246
974
3133
1828
1947
974
1958
327
974
976
3597
2218
976
978
979
979
980
4995
3903
2609
980
2882
1779
980
4995
980
982
982
984
2296
984
988
988
4558
4153
989
989
4274
1380
990
1920
992
993
1555
993
3255
995
3677
996
997
3127
999
999
2530
1000
1003
1003
4700
1004
3235
3728
1005
48
1008
3076
1011
1012
1079
2165
1012
1013
2517
1013
1013
3262
1016
1017
1965
682
1015
1017
1443
1018
1020
4852
4888
1020
1023
1024
1024
1025
3397
4442
922
4125
3363
2473
1558
1025
1026
1026
1027
1028
1029
1029
1030
1004
1030
4715
3804
1032
4757
1032
1341
1033
1033
1959
1034
1035
1035
1038
1040
1042
1043
2002
1043
2779
3676
3285
1554
1043
1043
2332
879
1044
4332
1044
4628
920
1044
3098
1044
1045
4596
952
1047
1050
1052
4380
1054
911
1055
2879
854
3362
3018
3825
1056
1057
1057
1058
1059
1061
1063
1064
1064
1162
1064
1065
1066
754
1069
1070
1070
1076
1077
1078
1235
1181
1080
1477
1080
4040
1271
1081
4786
1081
4448
1082
1709
1083
1085
1086
4950
1088
4986
2585
3849
1395
1932
91
4087
2487
1091
1092
1093
1095
1105
1096
1096
1097
4340
3468
1099
4033
1100
1100
1100
2119
541
495
3445
2337
1101
1101
1102
1104
2683
1104
3366
1105
1105
1107
1107
3648
1641
202
35
1107
1107
3633
1831
1109
1745
1110
1111
1112
2098
3406
1649
1112
1114
1115
1116
1116
4846
1117
1117
1118
2882
1118
18
1119
1120
1122
3896
1125
1126
1126
1126
765
1127
3996
1128
3464
1128
2526
1129
3173
1373
726
1129
1948
1132
1132
1132
1133
1134
1134
1135
4463
4665
4786
1138
1138
185
4653
1139
1141
3874
1142
3205
1143
1143
1145
550
4783
1146
316
1146
1053
1146
843
4656
1147
4526
3464
1148
54
2929
4177
296
3254
2856
1150
1717
1151
1151
1153
1154
1155
1155
1156
3811
1924
1156
3926
1157
1158
1162
4494
1163
1164
4670
1165
1166
2254
1301
892
1166
1166
2899
295
1166
431
1166
876
1166
1167
1168
1169
1169
1170
1171
1467
1173
3512
1174
1177
1178
2194
3582
751
4572
571
1180
1182
3148
1185
105
1185
2754
1072
20
1979
1
1185
1188
1188
1954
3517
802
2089
1188
4192
373
1579
1189
1189
1189
4814
3023
4322
1191
1937
816
1191
1191
3181
736
1192
1192
1193
1193
1194
2289
1194
1587
1770
1195
1195
1197
3824
1198
2121
4510
2870
4409
1199
2946
3212
1201
1202
2058
2782
1554
1385
464
1072
623
1204
1206
361
3749
2155
1277
1207
2604
1208
1210
1211
1212
1212
3918
1213
1214
1214
688
1429
1214
1215
4454
903
1633
4684
434
4406
2363
1218
3760
1901
4597
1219
1221
3982
1226
1226
1226
1231
2506
3516
1233
1235
1235
2944
1235
676
3750
1235
1236
304
4579
1236
3770
1237
1238
1238
1240
1240
4520
1242
2743
683
1633
2596
1242
1243
3057
1243
1244
1247
3588
724
1248
1248
4794
2033
2224
1251
1252
1770
2111
1875
1253
1256
3235
1256
1257
4249
1258
3465
3236
1262
3767
922
1262
1263
1747
1265
986
1266
1267
657
1267
2311
1476
3355
2987
2898
1268
481
1144
1112
1269
260
3306
2632
1628
1798
2796
3473
623
3258
2623
1271
3650
1738
1272
1273
3431
2501
1274
1275
1278
3838
1279
1470
358
3648
1280
3139
1281
1281
3537
1281
1283
3689
1283
1284
1284
1285
4994
2183
4658
1288
1289
1099
1540
1917
1291
1292
2978
1292
1098
1294
1294
362
1294
2814
4008
2563
4831
1295
3305
1296
1299
2131
1301
1301
1301
441
3790
4306
3284
1303
1304
1304
3849
1304
1827
4350
1305
958
2507
4393
1308
1020
1309
1297
4433
4504
4180
1309
1309
1309
1310
4189
3270
1786
3382
2052
1310
3096
1310
1311
1312
1313
1314
1314
1315
3826
1316
3139
1317
2427
1568
1318
895
1319
1319
4624
1319
1319
1321
1322
1326
1326
3747
1327
3633
1328
1328
3544
2767
1329
1330
3494
1332
1332
2367
3745
1332
1333
1337
1338
315
4023
1373
1343
1344
820
1344
846
4687
4405
1345
1569
4675
1346
929
987
1201
1347
1348
1349
3059
1349
1349
2130
3045
1350
1351
1351
160
4315
1352
1353
1354
1535
1355
793
4323
1356
1851
1357
2131
1357
1017
1358
3514
3407
1359
1360
2860
1365
1366
1367
1367
1368
1368
2506
4753
1368
247
3408
4488
1368
1370
4993
3379
3024
1371
758
1371
4115
3171
1372
1172
1373
2504
3999
1375
267
1375
1375
2982
1376
1378
1378
1379
1379
4879
1952
2486
1379
2246
1380
1382
1382
1382
4438
1975
1383
3263
3959
3311
1030
564
1142
4357
624
1383
1384
3662
1384
3951
3218
1384
1385
1385
4574
1385
1388
1390
195
4934
1391
1392
4305
1392
1392
1392
2018
1393
1393
4673
2007
1394
1395
1230
1396
2236
1396
1396
1397
949
1397
1398
1398
1400
1400
1561
2564
1401
1404
1405
1406
1407
42
2540
3395
3956
364
4417
1410
2572
1412
1413
3437
1936
1413
3659
1414
599
3908
1716
1416
1416
1416
1417
1417
1418
1419
1420
1421
1422
1423
4365
2896
2151
1423
1424
1902
546
1426
1426
1426
1426
1428
1428
1428
470
1428
1429
585
4884
5
1430
164
864
4736
1430
4052
3635
1433
1434
1289
1435
144
1509
4048
1430
826
4187
2457
1436
1437
1438
1441
1441
1441
1444
1444
2745
1445
1482
2529
1445
2085
1013
1446
3266
1446
2461
2009
551
1447
65
568
1448
1448
1449
4779
3169
1882
1423
1449
3746
2100
1450
1299
3738
1451
1451
2821
3538
120
1285
160
1452
1454
3950
892
73
801
731
3746
1454
1456
3248
1458
1460
2292
3841
2045
1461
1462
719
4999
1463
1464
3870
2397
1464
1464
1040
2917
1464
1466
1466
4018
1467
3468
1468
1337
3651
1993
2374
3982
4044
4047
2122
1469
4998
1470
4557
3693
2080
2500
1471
2854
1474
1818
4935
1474
50
1476
1477
1478
4404
3346
4431
1827
1479
1480
1480
1480
1482
901
1484
4745
1486
1487
1489
2885
1490
3543
1490
3088
2211
3079
2654
1491
3602
1493
2270
1494
1494
1495
2831
1496
4844
1496
1496
1498
4415
3
1500
3636
2696
116
1500
1500
1501
4251
1502
1503
1503
1504
207
38
3059
1504
3599
1506
1506
2965
771
4220
737
1510
1511
4321
4019
1512
1461
1512
4558
3745
1664
69
2106
3213
1213
1513
3335
1513
4827
1513
958
1514
1514
2436
4529
1428
2806
2615
3560
1515
1515
1516
2147
1516
1990
4572
4114
1518
982
4261
1519
1520
1520
1026
4393
1521
3516
3814
1523
1523
3169
1020
2933
1524
561
3283
1525
2563
4855
1401
4504
1526
1307
340
1529
1530
1531
1534
1194
1910
1534
1535
1584
3770
2000
2643
1536
1536
1542
1544
1487
1544
4080
4322
1682
4537
1544
1545
1546
1548
3640
3406
4501
741
1548
3032
3889
2681
1549
1949
1806
1550
1551
1553
4358
2237
1554
1555
1255
3677
1086
4702
2228
1762
1556
2554
1556
1558
4591
1559
1559
1559
2158
4040
4060
1561
4243
4202
1561
3737
1562
1562
1562
1563
3244
1566
1570
3898
2917
1571
4919
4489
2823
1572
1572
1573
1573
1573
3274
2844
4807
1574
682
4254
1576
3554
1576
1576
1577
51
1100
4045
4172
4493
1577
1577
1577
3733
770
1579
1581
1581
1583
1583
4848
2935
4434
1583
1585
1586
1587
1587
1588
4765
1165
1590
3048
2800
1729
1590
4162
3299
1590
2744
1592
2166
1592
1593
1594
1594
790
2161
1594
1595
1596
881
4875
2488
1597
1598
1471
2222
1598
1599
2088
1599
332
1599
1600
672
2289
1602
1602
1809
1602
3874
1603
691
559
1603
1606
4031
1607
1608
519
1608
1609
1610
2390
3618
3206
1612
1613
1613
1617
1618
1618
1618
541
1619
2970
1532
1620
4796
2275
2113
2339
1620
1622
1622
1622
3069
4458
1624
1624
1626
1626
1627
52
1627
1628
1629
1632
3473
4454
1633
1265
235
3060
1635
1636
1637
1988
3314
1637
1638
4051
1302
2621
983
1640
2639
1642
4193
4224
958
1073
1643
1644
4085
1647
599
901
1649
1650
1652
3906
901
1653
1655
1655
1656
3150
1662
394
2843
4582
506
1662
1857
1663
1663
1663
1666
2271
3691
4706
1667
2374
4008
2434
1668
4567
1668
1669
1233
1672
1483
1672
931
4132
2636
4390
1677
123
1677
1679
1680
1680
4779
3709
4051
3298
651
1683
1011
1684
1684
4723
1685
1685
1685
2333
1686
2388
1309
1712
1687
1689
2560
4652
3009
976
2827
4369
2894
3332
1690
389
1656
1691
2135
1143
4050
1691
2007
4422
42
2279
1691
4159
1692
2118
2985
1694
4085
1695
4820
2202
1695
3298
1699
1700
1946
1700
1700
2143
1100
4338
394
2812
1181
1700
797
1862
1701
1701
1539
1704
4845
3123
2857
3238
4744
3537
1704
3555
2242
1710
1710
1712
2735
1712
1713
3965
1713
3565
1715
911
1716
1716
4184
757
1717
1717
472
534
3913
3005
1718
1718
2941
2455
1719
1722
3989
4852
1723
2962
3439
2113
1724
4119
1726
1728
4967
1729
4422
1730
1732
1732
797
1732
1733
1228
3227
1734
1734
3972
1734
4430
310
3057
1737
1737
1739
1739
94
1740
1740
1741
4310
1742
1739
4793
1494
1742
1743
1744
4481
3930
1200
2767
1744
1237
4695
1744
1745
1745
2513
1747
1747
1750
1751
1143
1751
1752
1752
3680
1753
1753
1753
2341
1978
4299
4091
1757
2979
1758
1760
1760
1760
1311
1842
1763
3306
2027
1765
1765
1765
1766
1768
172
1769
1769
1769
1769
8
1771
1772
1775
2651
1775
1775
861
3559
354
1776
1777
1777
1778
1779
1779
1780
1781
2430
2663
36
1782
1784
3432
1615
1784
463
1172
1786
1786
2941
4022
1787
1788
3173
1791
1793
1508
1794
1795
1797
1798
1488
776
1799
1801
1462
1378
1596
1803
1804
1804
3211
1161
1807
1807
1807
1807
1808
1810
1812
1813
2950
243
1813
1815
1472
1678
1815
1816
1817
4888
1818
4277
3585
3708
1818
2476
2735
1819
2674
1820
4994
4937
1821
489
1821
1821
1822
820
1822
2113
2559
1822
1824
273
1901
2836
1825
1826
1826
1100
906
1146
564
1827
1827
342
1828
1417
1829
500
1830
3967
2898
1831
1831
4830
2785
1920
1832
1832
3341
2800
3723
648
1833
1834
1834
1834
481
3989
1834
157
3874
3409
1113
92
1835
2829
3941
3245
1770
1835
1836
1838
954
4518
1841
1841
1842
985
2806
1842
69
1843
1844
4255
4317
1846
2613
1848
1017
2384
2878
1470
1849
1850
1852
2141
2388
4157
1621
1564
901
4545
1852
1853
4730
2932
1853
1854
1669
1854
1604
4740
1857
1923
1527
1859
1859
773
1860
306
1862
1863
1864
2047
567
1865
1865
3181
1865
2508
1867
2144
1867
1869
4970
194
1870
1214
4274
1870
1872
4769
2626
1873
1873
2667
1886
2585
442
1878
1879
781
1880
1883
1884
139
1885
1885
4178
1886
1886
1887
1888
1889
2861
4415
447
401
444
4622
1166
1889
741
1890
1891
1894
1895
1895
1896
4926
231
1896
4484
567
1897
1022
1899
1899
1901
4226
1903
1903
1903
1905
1908
2009
2159
1911
4198
2790
2379
1913
1639
1913
2836
1913
1913
3744
1915
857
1917
2262
4692
3190
2124
1919
1919
1390
1461
1984
437
4537
2312
1560
1920
2302
1925
1873
1275
1925
3931
1926
4310
1928
1928
2369
4272
1929
2922
1930
1931
2878
4346
1932
1932
1934
2229
1934
1935
1935
1935
1936
354
1360
2271
3391
1936
4347
611
4221
978
1628
2689
1937
1938
3256
1938
1995
3314
1938
1940
1942
679
109
3253
1944
4218
4317
1945
1946
1947
1176
1948
667
1948
1949
3338
1949
1950
1950
1950
1951
1952
964
1953
1953
4766
1956
1957
1959
1960
1267
1962
816
1962
3347
1964
4548
1970
1973
1973
1975
3773
1977
1977
3908
510
1977
1977
2291
4509
33
514
895
1977
485
1978
3172
2943
185
1979
1980
1981
1981
1681
1982
1983
1985
1985
3298
1985
1985
1987
1987
1988
4279
1990
1992
1993
2414
1994
1995
1995
1927
1996
2246
167
1996
1999
1999
4968
3829
4381
1999
2000
1299
2002
2002
438
3697
3220
4140
2004
3066
2006
3675
2006
2909
2007
1624
4390
585
2008
2008
168
2008
2645
2329
2008
2009
1774
2461
2015
3212
2015
2016
675
3757
283
4756
2017
2018
2020
3434
2021
2022
2406
3286
319
28
2022
4583
1483
2022
2023
2023
1817
2024
556
2025
4886
2779
4810
2858
2026
2026
2027
2027
2214
2028
22
2559
2033
647
2031
2031
2032
2033
2035
2038
4303
2038
2038
2217
2038
2039
307
3525
2040
2041
2045
2708
3696
3837
2046
2049
1240
2446
2051
2053
2053
2055
2058
3710
2059
4453
1613
2060
1169
1216
1060
838
4443
2061
2062
2064
2067
4973
2067
2067
2068
2069
2069
2070
2071
2073
3821
2073
2632
4144
1130
2076
4097
2281
4489
2076
2076
1950
2077
3624
2080
2081
2082
648
1911
2082
2084
557
2085
2085
2086
2086
2614
2086
1884
2087
2088
2088
2094
1311
427
2095
2096
1161
3940
2097
2097
4789
725
3114
1567
2098
2100
4107
2784
2101
1441
4689
2101
2196
2499
2103
2104
2106
4180
2107
3
2004
4179
2108
2109
2110
2604
2110
3326
3439
4712
3533
2338
700
2111
2112
1847
2112
2113
4032
2114
2115
2178
1736
1623
184
3942
2117
957
2118
3520
200
2118
1619
4368
4436
2924
1290
2095
3630
4892
4990
2120
2121
2122
1821
2124
2127
4150
2127
556
3018
2127
705
2129
2129
2131
2131
4898
2131
2134
1877
3469
2134
2134
2134
4266
4088
2137
1720
2138
2138
1896
3428
3420
2138
2139
2139
62
526
2852
2139
2140
2244
2143
2143
4193
2145
2145
1620
2146
706
467
2147
4582
2147
4618
4184
2148
4596
4589
2148
2149
4448
2811
2150
2150
2152
4696
2152
2152
2154
2580
723
473
2154
1661
2157
752
2157
3999
2157
481
2158
2159
4436
1307
2160
1469
4943
3314
2162
1190
3837
2162
77
4908
3711
2163
2164
2168
3826
2170
3509
2170
357
2172
2831
2682
2173
3106
2174
3060
2623
2175
4910
1817
2175
2175
867
2176
2176
4486
4869
3340
3966
2984
1110
2180
2071
2181
4979
58
267
2280
2181
2758
2182
2134
2182
2184
942
3075
4737
3456
2185
4526
2694
2185
2189
2189
3957
2189
1151
2192
4483
2193
4125
2193
2194
2195
2196
2196
2197
388
496
2198
4924
769
3322
1591
4091
3829
2200
1857
2200
2201
4938
1958
1276
4568
2201
660
99
2201
1089
2202
3871
2910
1658
2436
2915
2203
2205
2621
3483
900
2205
2206
2132
2207
2208
2325
214
1806
2211
592
2211
2212
2781
4868
2778
2212
2817
2214
2215
2216
1716
4800
2609
1498
2221
343
1215
1676
4936
2811
2222
1142
2222
2224
2946
2224
1165
2225
3233
2228
687
2229
4309
4803
2303
784
852
1738
2229
4446
2232
2232
2259
2233
772
2233
2233
4764
828
3556
2234
2479
2292
2234
2235
2235
818
2236
2236
2933
2236
836
3680
2239
4504
3350
2240
2240
2754
1014
2571
3393
3799
3356
2242
114
2174
2243
822
2243
4248
2829
3114
1989
2244
2245
1392
2310
2246
3002
2248
2248
2248
2249
2250
4139
2937
3179
1422
1116
2932
2280
2253
412
4130
2254
3193
436
1337
2255
2756
2256
4691
2258
3440
4557
2259
2260
2261
2261
3091
1908
2262
3230
2198
1030
2262
2262
2262
1725
2869
4319
2263
1221
888
3573
4030
2263
2263
2263
1360
1829
2264
2264
2265
1160
2266
2267
2267
2267
2268
976
2270
389
2270
2271
2997
2271
516
3468
2237
2272
4723
2273
1544
4323
1280
837
2274
2275
2277
2278
2279
4122
1510
2281
2281
4621
4603
2282
2227
2753
2282
2867
3787
2283
2283
3166
2283
2284
2289
1195
1247
3070
2290
2291
2287
2292
1416
2293
2293
1950
2293
2294
2294
2295
2295
2295
2235
633
1570
2295
2296
2297
2298
2300
4630
2302
687
596
113
2302
2303
2303
2303
2312
2313
2314
2315
2100
2481
2317
1221
2317
4670
2318
2321
1785
2322
2322
2323
894
2324
2324
2324
2326
4843
3538
2328
2331
3876
2332
2332
538
743
617
2495
3755
2333
1357
2333
2334
1207
464
2334
2335
2335
2337
4783
2337
2950
3792
2892
3506
4482
2337
2338
3498
4008
2338
2830
2339
180
3629
2237
2339
2339
2340
2341
2341
4570
2341
2343
2344
2344
2344
3451
4105
2180
2350
1558
41
2350
277
688
2351
2351
3533
3313
653
3806
4834
1098
2353
2353
2356
2358
2358
2359
2360
400
1772
2586
2361
2361
2363
1731
2364
2364
2367
4165
2368
2369
38
2961
3101
2973
1758
1906
4746
4005
2369
515
2370
1010
2371
2372
3967
2395
2372
2374
1187
3786
2374
2779
1457
2374
2374
2374
2376
773
1183
2376
2378
2378
1963
2378
2294
3281
2378
2379
2379
3417
32
2380
2381
2387
2388
2389
3412
2389
2391
2636
3517
2393
2393
4274
2395
2040
2396
2385
4668
2308
4273
467
469
2397
2398
4392
2401
2402
1931
2403
2403
2404
328
2405
2406
2438
2409
2409
4482
4955
2410
2411
2413
2414
4789
2414
4890
2415
2416
4150
2340
247
2416
2417
2418
2422
2432
2423
4526
2514
101
1470
2423
2423
2424
2424
2425
2426
4772
2428
2428
4913
338
332
2429
795
848
3899
2117
4360
2429
4411
2429
2433
975
3203
949
2435
1801
44
4910
1137
2435
1015
2435
1842
3382
1134
2020
2436
2437
2438
1950
2438
2440
2441
2443
3712
3130
4406
2778
77
2444
2445
2447
2290
4079
2511
4808
157
4042
2447
4351
465
2448
4300
2094
686
2448
3216
599
2450
3664
2451
2451
2510
2452
2719
2453
1454
4940
2391
2454
1313
4339
2455
1429
2456
2456
2458
2459
2459
2462
2462
2463
2463
3936
2756
4311
4124
537
878
2463
990
2464
2464
2466
2468
2469
3145
2469
2469
1927
2472
2472
4733
2472
2475
2475
2476
2476
2476
2477
2477
895
4472
4373
4452
2478
2478
2134
3506
4519
1859
2481
2483
4111
2484
2485
2689
2485
2486
59
4157
2486
1965
2486
2487
2489
2489
2489
2490
2492
2494
2161
2496
3274
1594
2496
4063
684
3894
4712
4241
3225
2497
1688
2498
3437
2500
554
2013
2501
2502
2505
2506
3830
3100
2505
2506
1175
2506
2507
2106
2509
2512
2513
187
3101
2513
2513
2515
2517
2518
4539
2520
3716
2521
3564
2524
2524
2524
1500
2525
3610
4765
2526
2526
3847
2528
2530
1154
2530
2614
3603
2762
2531
2802
2533
1494
2534
653
2536
684
2536
3781
2538
2538
4608
210
1284
4330
1209
4188
3204
2542
1009
2543
2543
2056
2544
2545
4113
4638
3671
2546
3552
3083
2689
4987
2546
2547
4636
4932
2548
2548
2549
2551
2552
2553
2554
2555
499
2824
4894
2555
2557
3248
2559
2563
3035
4025
2564
1959
1790
2564
2566
2566
2570
3908
2571
2572
2573
2574
126
2574
795
281
2116
2575
1361
2575
2576
1762
2577
1266
2577
2578
1449
2578
2584
808
2584
2587
2588
213
1800
2588
4504
2589
229
2589
3020
1308
3941
3561
3258
2590
2974
2591
2591
3155
2593
2595
2747
1914
2595
2367
2596
2597
2600
2601
2603
1633
2604
4938
2604
4806
2488
755
4813
2355
4453
2605
2606
2606
4839
3821
4148
2606
345
513
2607
909
3804
2607
2486
2610
2610
2778
2610
2610
2611
3019
726
4453
2612
2613
2613
3811
2978
835
3654
2613
620
1603
3251
2615
289
4086
2615
1566
3448
4852
1293
4683
2615
2615
2616
2669
2617
4688
183
2198
2695
4504
2617
3867
1613
2617
3684
2617
2413
2618
2619
1235
2691
2619
1855
1625
2259
4709
2622
1806
1349
2623
3218
2624
2532
2625
2627
2630
2630
1071
1155
2631
2968
2633
2633
2633
2694
2633
2634
2635
4042
2635
1379
1964
2923
2637
2574
2637
1165
371
2637
2639
2639
3572
4999
1183
2640
2640
2640
2099
54
3174
3792
2641
3087
4547
2643
2647
2647
2647
2652
3730
2652
488
1517
4363
3386
4903
4116
2989
2653
3718
2653
4655
2653
2654
2654
2657
455
2658
2863
1604
252
2658
2660
4820
4365
371
1127
2660
2661
2662
997
3433
1547
2662
2664
2664
1662
2665
301
502
196
2120
2667
1015
4479
2668
2669
2672
3444
4434
2672
2674
2674
2675
2676
3590
2676
2676
4700
2676
2891
2677
2364
4750
2051
2679
3785
2189
2680
2684
2685
2687
4737
4563
2687
771
2688
2690
2691
2692
1291
1452
232
2693
3230
3078
2694
2171
2694
1637
69
4289
2694
2697
2702
2702
2703
2704
2704
1817
2705
2706
2708
2709
368
2711
2711
2712
2735
2714
2717
1861
2718
2718
2718
2720
2720
2737
2722
2723
2723
2724
2725
4061
1845
2725
2725
3701
2727
1411
2727
2727
400
4855
2728
2729
2729
2732
2732
2732
2735
2093
2735
491
949
3912
2738
2739
398
4432
2740
2740
2741
4061
2743
2744
2747
1417
2748
3589
2664
2287
16
4952
2748
4337
2749
2508
2749
2750
2752
2752
2752
2752
2752
1451
2756
405
2583
2756
2758
4435
2762
2763
2764
2571
2765
2952
2765
2765
2803
672
2766
199
1629
2767
2767
544
4267
2767
2768
2017
1222
2769
4398
257
3019
1582
2769
2769
4714
2770
2772
385
2773
3783
2757
2773
2775
2776
2776
2777
2778
2778
725
2779
2780
2780
2781
3569
2782
2784
2784
2786
2681
2788
2531
2789
412
4690
2789
4483
397
3219
2791
2792
4729
2352
2933
2793
2793
3823
3071
2794
1947
2794
2794
2794
2797
4766
2797
2800
2800
2801
537
2801
2428
4348
2805
3371
2809
2809
119
1162
2395
294
646
2108
2810
2810
2811
2812
2812
2814
1355
4361
66
1329
3725
2814
454
1924
4706
2821
313
2822
2720
2463
2823
2823
2469
2824
2114
1857
4758
2119
2824
2826
2827
2146
3469
2827
2827
2829
3680
4842
2830
2964
3504
1962
1466
2830
2831
3860
2831
419
2833
2834
4621
2143
4169
709
4276
4202
2834
2837
2091
2837
2837
2771
2939
2837
4532
2838
2839
2488
2839
3038
3765
2380
2436
2840
2841
2844
369
2846
2846
2847
1645
2848
3146
2848
4495
2848
4003
1525
2848
2849
3414
2849
2851
2854
898
2565
2855
2856
2857
2857
2858
2859
2860
3639
4343
1407
2864
305
4031
2864
2865
2865
4150
1524
2866
2792
3083
2867
2867
1949
4704
2868
2870
1700
2872
4842
136
2873
2874
3989
2956
1597
801
2874
2876
2879
3114
2880
2881
2882
2883
306
2883
2888
2225
3815
2888
2889
2890
3509
2890
2890
2891
2428
923
4958
2892
1802
4193
2893
2894
4918
2894
1469
4943
2895
2896
2901
2588
2903
2904
4171
4081
2401
235
2904
3755
5
196
297
2904
2905
4114
2906
2906
2907
19
3725
2907
2909
1678
2910
4326
4115
3798
544
4690
2910
3085
318
2968
4785
2910
3335
2911
2914
2917
2917
2919
1215
2733
441
731
2092
2920
2921
2752
2922
3026
2925
4063
295
2926
2926
2549
3879
2926
2926
2927
1725
1395
2927
2928
2928
2929
664
2065
2930
1823
2931
2932
1211
2819
2932
2933
2936
3318
2937
1726
1434
2937
2938
4675
2938
557
640
2939
2939
2939
172
1299
2940
2940
2940
4620
3624
2941
3384
2944
2945
2946
2622
2946
3524
4657
2947
3775
228
2947
2947
3738
4093
2949
2949
3783
2951
1254
2774
4606
4920
2952
2953
2669
3260
1722
2955
2956
2956
619
2957
2957
2279
57
2959
2963
259
2966
745
2966
2969
2091
1127
2969
1456
2971
2971
2973
1719
3097
2975
2360
2274
4213
1439
2975
4006
2975
4112
1054
1502
225
2976
2976
2977
2978
2978
2978
2339
1211
720
2980
2634
2980
4060
2983
2984
2985
2012
2988
136
3888
2990
2991
2996
2997
4367
4171
2997
4723
2998
1895
4836
2998
3166
522
83
3001
3002
3002
1079
3907
3749
742
3002
3003
3004
3719
3006
3006
3478
3009
2089
142
4213
4656
4861
4851
1834
2770
1878
3009
3010
3010
3010
1753
2608
425
1644
3012
3012
3012
3014
18
148
4985
1862
3015
1251
3015
3018
3018
3018
3576
1581
3020
4085
4188
131
3021
3021
3021
749
3891
1355
4010
3022
3184
3025
4634
1113
3025
3026
4690
4366
849
2829
1128
1923
4550
3026
3028
3028
1134
2333
3028
3670
3030
4494
3030
4110
3368
329
1673
3031
4650
1540
3032
3032
3033
3105
2719
3036
3036
3327
4675
3037
3038
2026
2355
1591
3038
3038
3040
2211
478
3041
3044
4078
3044
1909
3165
3044
3044
682
1397
3650
2944
3727
436
3382
258
3044
3044
1522
4671
3049
4398
4893
3049
3049
3926
4701
932
1302
3050
1293
3595
3051
3052
3053
1889
235
2441
3053
50
2519
3054
3055
3055
3056
3056
3866
3522
3056
3057
2715
3058
3058
3058
3059
1532
3060
3060
2465
3061
3061
3062
2900
3063
2104
3064
3065
4606
3067
3067
3069
650
3070
4297
3071
3072
2094
3073
3075
4854
1487
3075
2403
3076
3076
3077
3077
4466
3079
3079
3081
4898
3082
3083
3086
3086
3087
3087
3087
3088
3089
3089
1944
2637
3089
3090
3090
3094
35
3095
495
1418
3096
659
3098
1233
3099
3099
3099
1250
3778
3100
3100
348
3365
3100
3102
3106
3108
3108
3109
2869
3110
8
3110
1826
898
3912
3110
3111
3112
3112
3113
2902
3114
3114
2332
100
4173
1208
3115
3116
1743
3116
3117
3118
4240
3403
3118
3058
3122
3931
1913
3122
3017
4960
3123
4182
3124
569
3008
3262
2373
3707
1750
3124
3587
3127
65
2808
3718
3127
3129
4979
3130
3579
3132
3134
1956
3135
3137
222
984
3137
3137
732
4696
4319
945
3039
3878
3139
3139
3139
4691
3585
4456
3139
1461
2632
4830
3141
4296
3141
3141
986
1258
2280
3442
3145
3149
2000
3149
3865
3150
3893
3150
3152
3153
3153
3154
446
76
3154
1404
3155
4047
3155
3156
3158
3158
1002
2320
1613
627
3161
3529
4112
3807
3163
3158
489
3752
4731
3165
3166
3166
3167
2499
3168
4503
823
3870
3354
293
3169
1964
3170
3467
3172
3766
3172
4478
4911
1890
3384
3173
3176
3178
4783
1489
395
3178
2514
3179
22
3490
159
3179
4472
3180
3181
4387
3182
4860
4252
3182
3182
3665
3183
3183
1344
3183
3183
3222
3184
3185
3185
1174
3186
459
4843
3186
3186
738
124
2070
2075
4272
3186
3188
3701
3188
3066
4595
3189
3190
3190
2542
4868
3191
3192
3355
3194
521
4107
1078
3196
2609
3238
3300
3196
3196
4030
3197
3681
2528
3198
3199
3199
3253
3200
3201
3201
3202
4762
4519
3202
3202
4252
4453
3204
3205
3206
3660
4507
3206
330
3206
3206
3207
3207
1429
324
4784
3207
3484
3207
3209
3209
4695
3210
955
3995
3213
4896
3215
3215
4
543
1925
410
677
616
2985
3216
512
857
3913
3216
3216
17
3219
4767
3220
3220
4221
1227
3222
1627
3222
3222
1034
3223
4302
124
3416
3224
3225
3225
304
3227
4151
4486
3150
3889
2771
3227
2542
3364
3228
713
3228
2242
4683
3230
3231
4480
3231
3232
3233
3233
3234
1680
564
3234
3235
1041
3933
3260
3236
3236
3236
372
1839
568
3237
3237
3237
3237
4212
2257
2678
3242
3244
3418
3244
3810
3555
3244
793
3244
3245
3246
3249
3249
3250
3250
275
3250
1224
3251
172
585
3251
3253
3253
1751
872
3279
3254
1168
3255
3256
3257
916
3261
601
3262
1107
1281
3484
3262
3263
2637
3264
995
4441
3268
3269
3269
3270
3271
4520
3272
4789
4481
3273
3274
3648
3274
4376
3275
3415
1279
3276
1983
3277
3278
671
4763
3279
3279
3279
3279
405
3279
4213
266
3281
4183
3998
3516
3282
4554
309
3282
3283
3284
3285
442
3286
233
3286
3287
3394
3289
3289
3289
3202
3287
2410
3290
4682
3292
3292
3293
3293
3293
1198
2782
3294
3295
3295
1559
586
794
3296
4186
2682
3817
4917
790
3995
3296
3296
3477
90
3298
2728
3656
1230
204
3298
3299
2081
3299
3299
4461
4285
3300
3301
3304
2507
1584
3468
2263
1583
3304
2472
2607
4044
3304
3305
3916
4625
3305
3305
3306
2407
3215
3217
3071
4722
3490
3307
3241
1440
3312
3312
3315
4445
3316
3317
2396
3317
3317
1925
4253
3317
4731
3317
1443
2328
1024
2899
3318
3318
3818
3319
3320
1327
3321
3321
148
240
3322
3323
2463
3593
3324
3549
3645
1328
3324
3029
902
119
1948
3901
3327
4118
3328
34
3329
1910
1679
4713
3330
3330
3871
3330
3333
4906
492
3335
3534
3336
4450
3336
110
3337
3996
4207
627
3340
1439
3341
4044
3341
644
1989
3341
1502
449
3342
4903
3342
1154
226
3343
3343
2316
3343
4982
3344
3346
3346
3347
1614
3348
3355
2278
2972
1405
918
3357
3357
2173
3359
2344
4088
1984
3359
3878
1770
3359
2497
2583
3362
4058
3362
2245
3550
3362
3363
3363
3364
3364
893
1170
3364
3551
139
3366
3366
4757
3366
522
3367
579
1981
1982
3369
3373
1807
3375
3375
1856
4072
3375
3376
3377
4468
3377
2513
3378
3381
3382
2297
2685
4583
3382
929
3382
4344
1051
4632
2897
3383
4232
3383
2060
3384
4185
3385
4606
275
4568
2354
1513
314
3385
766
3386
693
558
3388
2690
1458
1362
3388
4877
3391
2105
3393
705
3233
3671
4796
3393
4025
3393
3395
3395
2635
3395
4916
3179
3396
3534
3396
3400
3401
3530
4967
1638
3114
3403
1987
3403
4210
3403
4956
3406
3407
3407
622
3408
3988
742
3915
2668
3411
3411
3757
2179
3401
3411
312
732
3412
4190
3413
3416
1205
3823
2636
3417
3417
2196
3418
204
3418
2446
723
3418
4237
3419
3420
3420
3878
758
2321
1052
4364
1983
1346
1368
3421
207
3424
3424
3424
3424
2148
3628
3427
4572
3428
3428
3429
3431
3431
2291
3431
3434
3435
718
3325
3436
3436
3436
450
3448
1148
3436
3437
4457
1255
3823
3437
3437
2136
274
2181
3438
4857
3439
4450
3439
4315
4369
3704
3439
19
3441
917
3727
3442
3442
3443
3446
3446
4283
3449
3449
4578
3450
1251
4872
4343
667
510
3451
4950
3452
3452
3452
4373
3494
3452
3453
2786
2502
3454
3081
3454
3454
3455
3456
3457
4704
4206
1863
1677
3458
1466
2448
3461
3461
3462
3462
3795
3463
1938
3464
2605
3464
3465
3465
3684
651
3465
1381
3469
3471
3472
3591
289
3435
2594
4315
3472
3472
3473
526
3473
4557
3473
3848
3474
3475
3479
3479
3479
626
4598
3481
609
3482
3620
3563
641
1986
3522
3484
3485
3487
1692
94
4121
3490
3491
3491
3492
3492
4210
3602
3494
1635
4241
1459
3843
4454
3496
731
3496
1389
3497
3646
3498
4519
3502
3777
3215
2085
772
3502
4074
3504
3065
2529
3505
3506
3999
2431
3506
3790
3508
4142
3509
3509
3510
3243
3371
3511
3512
3513
3520
3520
3520
3520
3520
4388
3521
4521
4024
3526
3527
2548
3527
3527
3113
4564
3528
3267
3528
3529
3293
568
3529
781
3531
3307
4096
1679
3531
4506
3532
3356
2113
3534
3535
1036
3535
3535
3377
3536
3536
3538
3539
1050
3277
3539
3539
3541
641
3142
3779
1049
1642
3618
4566
3541
3541
3543
4673
3031
3544
3545
3545
3290
3546
3546
4941
927
168
3549
2178
4386
2253
855
3550
3550
1194
1067
3550
3551
289
3553
4605
4250
2107
165
3554
3227
3556
3556
1559
2416
4175
4630
3558
2521
3686
3279
3558
3559
3183
3559
3565
1495
3568
3569
3569
3569
3570
4513
1149
2405
3570
4342
3983
3570
3570
4994
3573
3573
3574
3576
3577
3578
3046
2554
3579
3579
3584
3586
3965
3587
1765
3587
2289
1663
4949
3589
3589
3590
3380
3590
4624
3591
3591
836
3591
3592
3592
2196
4597
3594
1919
3661
2159
3595
3598
2939
3598
3598
2036
2381
4937
662
1434
266
3167
3600
2833
3601
3601
1843
1755
4741
3834
4546
3602
1109
3602
4478
2440
3605
3606
3607
3608
2713
3608
3645
2629
2899
3610
2008
4113
3610
3629
3242
3611
1158
3611
2984
2765
3216
3612
2511
3614
1230
1153
3616
3119
2755
3616
3616
309
3619
1161
3621
3621
1894
3621
3623
3623
3033
3624
1518
3625
3649
3476
3625
4238
3625
3626
2748
3627
3631
3631
1811
3631
3632
3632
3633
3634
3987
2062
3637
3637
3637
3638
4003
461
2292
3639
191
1194
3639
1789
2375
4558
2083
3640
3641
1868
3641
4618
3641
3641
3642
3644
3644
1137
2799
4331
2302
3645
3646
3997
3646
4976
3647
4374
3652
145
4773
3652
3653
4796
3655
592
3655
1067
3656
3658
2541
3660
3660
1373
3001
143
4872
3661
3465
1777
3661
1861
3662
2735
3663
1513
3663
3663
3666
3667
1596
3668
3980
3670
4171
3672
4566
3674
3675
2987
3676
2777
3677
2507
3677
3679
2661
2088
807
1335
4508
3679
1330
3681
3683
3685
2625
3685
4623
3687
229
3688
2545
3693
4238
1004
3694
1699
1793
4983
3694
3833
4741
3694
3694
2899
3695
338
3699
4817
3426
325
3700
2575
943
4034
381
3700
4002
3701
3702
3704
3705
2471
547
3709
3713
3714
213
1882
3120
1099
1589
3868
3715
3716
3716
4596
3896
2484
3719
143
2192
484
3721
3155
3723
1239
3724
2958
2380
3724
2842
4613
4463
2845
637
3725
3726
3726
3728
4300
2576
3729
3730
3732
3732
360
3732
4980
2201
3733
1640
3736
3736
3736
151
4457
3740
969
3743
3427
3745
3746
3747
3717
2109
3748
2423
1735
3749
3750
4852
3045
3750
2984
3794
3843
1842
496
2693
3753
3753
3753
3757
3758
2818
3048
960
2674
1371
3764
3764
3766
3767
3769
3769
3770
3772
645
1597
2269
3773
3773
3778
3782
3782
572
3782
3784
1646
3784
3603
2249
3096
1493
3786
3787
3788
2906
1841
3789
3789
3790
465
2348
3793
3794
3795
3800
3801
2813
2913
4630
2313
494
3801
4258
3804
3804
3804
3060
1169
455
3805
3805
2524
3807
3810
3812
3814
3814
705
3814
3532
3816
3816
1737
1320
187
323
2683
3817
3817
2442
274
3817
3818
3818
3818
3819
3820
4895
3821
3890
3821
3821
2919
2463
3822
4985
4037
3172
3823
4319
4163
3824
3909
3824
3824
277
3824
3811
3316
3825
1494
3825
3826
1454
3826
3828
3654
3887
3899
1051
3127
3831
116
3831
3831
3832
3832
1843
4520
3833
3833
3834
3835
3835
4185
2258
3837
3837
2019
3993
3837
1532
3838
4596
1095
3839
3840
3841
3843
3844
3845
3847
3847
2828
3847
3847
1949
3848
602
1300
1621
3848
4312
3850
3851
4880
3851
812
3851
4727
3852
3856
3220
2930
3857
3579
2701
2328
3857
2100
3858
3859
3860
2341
3126
4033
559
4318
3862
3862
931
2557
1560
1511
3863
3864
3864
3865
3866
1707
3867
3869
3870
3870
3871
342
3874
3874
3876
2741
1265
3274
3878
1138
3880
3237
3880
3815
2200
3881
4149
3881
2489
3882
4524
4390
3883
3883
3885
3816
4640
2293
307
2401
3887
2327
3889
3889
3620
744
3225
2831
3890
2870
4820
3895
1823
3896
2513
304
3897
4988
3898
3899
3773
3899
3899
1490
1840
83
3901
3501
3904
3905
3905
4381
3906
3906
3906
46
280
4326
3906
3908
809
102
3910
4280
1919
3914
372
3915
3190
2155
3918
3918
3919
3922
3923
3924
3924
329
2363
273
1162
2002
3924
3926
3927
466
2390
3927
308
1439
2898
3927
3930
3932
20
2741
3934
3934
765
3934
2780
3935
3792
3935
3282
1228
3936
3909
2323
3939
3941
3755
1077
3942
4910
131
4340
3496
218
106
3943
4163
34
3945
2336
3945
2229
1370
1408
2475
3031
1954
3946
2827
3947
3947
3949
684
3950
1526
3950
3950
211
3589
3950
1289
685
359
3951
3952
3952
3953
2652
1086
932
2379
714
3959
3959
3960
3962
3963
2425
3963
3963
664
3305
836
3964
3964
3900
3966
3968
3968
3972
3973
3973
291
3974
3038
2244
3974
2930
3974
3974
3974
3974
408
3975
3975
1627
3977
3983
2054
2218
3984
910
969
635
4866
3985
3985
3985
3985
3505
3986
3989
52
3989
3990
3992
3763
4391
2425
3992
3806
3993
3993
4125
3993
3993
1675
3993
17
3995
3995
4692
3996
3997
4001
1545
4003
3488
4004
2623
4004
4005
915
3168
1366
4005
899
252
4007
918
1185
4008
1802
4616
44
4011
4011
4012
2124
4013
4015
4015
4017
4018
4927
4019
2714
4019
4020
4573
4020
4020
3587
4022
4883
4022
4022
4024
1268
4024
3055
3709
3188
1463
721
859
3664
1901
3736
362
3169
4026
1290
3362
4028
4031
4032
4033
663
376
4033
1082
4362
4033
668
4034
4754
4785
4369
3626
4036
1631
832
4045
4045
2545
4197
4046
429
1209
1010
4048
1530
4049
3017
4050
4051
4051
4541
4052
4054
3248
3168
4895
4055
3052
4055
4187
2062
1752
1415
4056
3432
4059
4060
4060
4061
4062
4064
3593
3070
4064
4066
1312
2893
1601
4066
4067
4114
262
4917
1510
4069
4314
2125
4877
4070
2929
557
4741
822
1304
2612
4071
3677
294
4072
3846
3639
4073
4535
2941
1614
4073
4077
4077
4077
4079
4080
1197
4094
3159
4082
4082
4086
1184
176
2903
4086
379
4086
4087
4087
4087
1270
4088
4756
4088
3961
4089
2448
3051
1749
4089
4090
4092
2638
4093
4093
2255
4097
4099
4901
4794
356
4099
4101
1821
3159
4102
4103
4103
4105
3749
4686
2058
4105
3108
3535
4348
796
2849
4108
2527
4109
2273
1169
111
4111
3233
159
4821
3925
4112
4113
2026
4114
826
4114
219
4115
4116
1361
4117
4117
4117
655
2243
4396
4117
4118
4122
4122
2136
543
4123
4123
4125
2851
2346
852
4125
4126
2285
4127
2804
3864
1993
4127
4127
4434
132
336
4128
354
4130
4076
4130
4130
4133
3279
4134
4134
3702
234
4135
4296
4849
4136
4855
4137
4140
2025
4146
3735
3508
563
4146
3072
4146
4147
4148
1059
66
4149
4149
2338
4150
4150
4150
857
2474
4325
4155
1638
4158
4742
585
3723
4137
1774
1290
4159
1948
4161
2999
2998
2617
4692
4162
54
3103
1053
4164
4164
4165
4136
4591
4166
3422
4169
3621
2423
4171
4846
4172
1706
1007
4173
2980
4173
4175
4176
4177
4511
4178
4178
4480
3105
1145
2455
1537
4179
4179
4182
4290
4183
3757
4183
4185
4100
2236
4169
4187
4187
4190
1856
4190
4191
2101
4194
4221
2546
4195
3325
4196
4196
4197
3957
4244
4197
1894
1982
4198
2989
2154
2861
620
4201
3301
1737
4201
4203
4205
4206
3880
4206
4208
4208
1086
4209
4210
2310
2422
1650
4211
4211
4212
1139
1789
4214
4214
4216
4218
4218
679
4218
374
4218
4777
4218
2121
2639
3183
4615
4219
4219
4191
3429
4220
2506
2746
4220
2442
1779
721
1697
2136
2650
4837
4220
1197
3071
3872
3896
4221
4076
4221
2536
4222
19
1866
4223
4223
4224
2927
3707
4014
4283
2479
4224
2460
4226
810
3329
4229
2094
1429
2200
4230
4230
2083
1140
4230
4232
4232
3279
4233
4234
2668
4236
2061
4038
1269
250
1531
4239
4155
4239
3157
4239
4241
474
4242
4161
3645
4244
4244
4245
4937
4556
873
4245
3187
4245
3320
4245
4246
4246
4246
2674
2768
4247
4248
4248
4248
3706
4249
2406
4250
4250
4821
3430
4252
4252
4252
4252
2730
390
4253
1952
4253
3444
4254
3859
4256
1302
2327
581
4004
3216
4256
4256
2969
4259
1803
4210
4259
4259
2027
4263
4264
4268
4270
4272
4940
4272
4273
612
4273
2534
1223
4274
4274
2766
4274
219
177
1606
4274
4275
4278
4597
1347
4280
381
4280
3506
4281
4281
4281
4282
980
4283
4283
3338
4284
4284
429
4284
4285
4286
4286
4976
3529
4287
782
3613
4287
4289
4381
4291
4293
4297
4300
4304
4301
2960
4303
4304
4305
4723
2697
4734
1967
3110
4305
4306
4308
4309
3476
4310
4124
3631
4310
3726
4310
4311
472
4312
4313
4484
1387
4316
4316
40
4317
58
3152
4323
4656
4323
4793
4323
4327
4328
4329
4457
1844
601
4329
4329
2319
4332
4333
2486
4335
4336
1582
4336
4909
4337
4338
1956
4338
4718
3308
4338
4338
4338
1626
4340
4578
4342
2623
259
1003
683
4343
437
4343
3963
3996
413
4345
4346
4348
4349
3622
4350
4350
4015
4657
2613
4350
3841
4352
4353
4356
1379
2403
184
179
4357
2378
3384
4357
4357
674
4391
4357
4039
4357
2005
2135
4358
4359
2724
2207
2146
103
4359
4361
2795
4361
4362
2994
4362
4362
4362
4087
1778
4363
4363
3924
4363
2704
3758
4365
4365
3485
2601
4366
3495
4660
533
1809
4366
4367
4367
4367
2686
4368
2863
2133
4147
4369
4369
4369
4370
96
1335
4372
3241
4372
4372
1175
3519
3566
3636
421
4373
4373
4373
4374
1446
4374
3892
4376
2570
4377
4378
4379
4380
4380
1403
2963
1006
4382
3949
2100
4211
141
4384
2474
1617
487
4384
313
4386
4386
4270
4387
4388
2723
30
4312
4389
3538
4390
4517
4156
1662
4390
339
368
4390
4390
4391
2697
3413
4392
4393
1505
4145
2392
4436
4396
3466
4397
4399
1619
4401
4402
4402
2750
4404
2044
4407
4409
4410
4386
3611
4411
2335
4412
4603
4412
2924
2663
4412
409
4414
4415
3393
4415
4416
4416
3808
4417
4417
751
4418
381
4419
3732
4733
3069
4195
4419
3858
2930
4421
4421
4421
1204
4421
4421
4423
4993
2488
4425
4425
4427
1656
4428
4428
4428
213
556
4374
4430
1194
4431
4086
1005
2926
2042
1522
4432
4433
2971
3506
4435
94
4541
1397
4437
4108
1989
2433
2149
2969
4438
1176
4438
4439
4439
831
4439
4440
4443
4443
702
4445
4445
3298
4446
1361
4446
4448
2229
3745
4731
3176
423
2362
4448
4449
4451
307
4451
3619
4451
4452
4452
4874
1976
1072
1684
4453
2398
2354
1202
4514
4453
4455
3086
4456
3220
1649
4457
636
841
3422
4457
4457
1571
4458
4459
4461
4462
3298
4462
4770
3877
4463
4464
4464
3998
4465
4466
2523
4467
4467
4467
3514
4467
4467
4468
1462
4468
4468
308
4469
973
4469
4469
4470
4471
4472
4473
4473
4474
1146
4476
1891
789
4478
2472
4479
4483
4486
4622
52
4486
4487
2462
4487
782
4377
4487
918
4592
1542
4488
4489
3087
3606
222
4489
2610
4493
4493
2633
4493
4496
3153
4196
1280
4917
4497
3354
4498
4498
2439
4498
4176
2947
4498
2146
4500
4501
4554
4503
801
1301
4504
4504
4504
1524
4507
1673
3750
2597
1826
2821
4508
2173
2927
4508
4509
4510
4510
2037
2134
957
4512
4512
4514
1485
4519
957
4520
70
1896
258
4520
4520
4522
4526
2052
4527
722
1375
4527
2491
1568
1959
4528
4042
4529
4531
4534
1646
3398
4535
4536
2559
3693
4538
1104
1059
4538
1296
4540
406
4541
718
910
4541
4542
4542
443
1133
3307
3204
4543
4545
4548
2241
259
4072
4342
4818
4554
4555
4900
4556
1772
3975
2460
1440
4556
2150
226
3090
1372
4559
4559
4560
3942
1123
4560
3669
4561
1603
4678
4565
2504
4567
4567
4569
4573
2427
493
677
4574
4737
4574
4575
4296
4575
2015
4544
4578
2321
4578
4578
4578
4580
4580
607
4581
4945
1739
4582
4582
4583
4584
4586
3596
4587
3440
4761
3675
4588
4588
2877
4588
3343
4589
176
233
4591
2429
4593
2820
1137
409
4593
4811
4594
974
2534
2202
733
4826
2211
4594
4596
1611
1282
4597
2697
3404
4599
687
4599
4602
2651
4602
3301
3169
4602
3771
3530
3911
4602
4603
4605
698
4605
4611
4611
691
4532
4611
4612
4614
3575
4614
4011
3717
4614
418
3934
1723
4615
4365
690
4615
4615
4617
4687
1325
4618
4619
4620
4620
4621
4622
4622
3346
4622
4623
3696
3005
3679
2291
1707
4623
4624
4626
4757
1012
4629
4630
4631
4634
2553
4635
4641
3556
4658
4638
4249
4639
847
4641
382
1395
372
2777
3573
4641
856
515
4641
4642
157
4643
3236
2036
1721
4644
2617
4645
3613
4645
4645
2110
64
576
586
4106
1057
4646
1987
1491
1512
4328
3493
3062
4648
4648
4649
4649
4651
4651
4408
4652
1759
4653
1311
3536
4653
3195
1590
4656
4077
4657
4658
361
4661
1018
1261
4661
4661
3696
2358
3899
1137
4662
4476
4663
4665
2211
4249
1238
4513
4667
4669
4670
4671
3563
4672
4675
4675
4676
2666
4676
4678
3164
4682
3085
408
4682
4682
4682
4683
4683
4683
955
3614
4683
4685
4685
4686
4686
4688
4688
4690
178
531
803
4690
4631
4213
3050
4690
672
4692
4692
3640
4694
4695
4695
4696
4697
3717
2787
4338
4585
4698
4942
1764
4699
582
403
329
4703
1135
4422
4705
4705
4710
4714
4715
4715
2480
3299
2260
4715
4716
4718
4718
4719
4311
4719
4720
4720
241
4721
4725
3410
1168
4725
3411
4726
4726
4726
1313
847
4727
4727
618
1613
4728
4728
4729
4729
4730
1064
4730
353
4182
4731
4732
38
4733
4849
4733
4733
4733
4736
4736
4736
4739
4736
4884
4026
4736
1702
4737
4739
4739
1678
4740
4741
4741
4746
4747
4749
2212
4750
3351
1751
4752
4753
4755
4758
3265
4121
959
1592
4759
4760
942
1842
4760
4762
4764
605
3819
4765
4765
4766
4766
4768
594
4770
4770
4771
2074
2571
4771
4772
4773
4776
4778
2039
4780
4780
4658
4781
3092
219
1042
4783
2899
622
3671
4783
4783
4787
299
2558
4787
2879
4588
3639
2867
1486
1638
4788
4789
4789
4791
4794
4797
4487
4797
4797
4799
4799
421
390
2273
1789
4024
4800
4801
4802
3314
126
4804
396
4807
4051
4807
4809
4811
653
4811
487
1119
1371
4811
1391
1236
1858
4813
4815
4817
3992
158
4817
1595
4819
2398
4820
4821
1537
2040
4448
4822
4822
1193
3468
429
4822
4823
4825
4825
4825
2531
4254
2565
4826
2611
4827
1136
1299
4827
4279
4827
2831
4638
2828
4828
4828
4828
4828
3260
2386
4829
4829
4831
4086
4832
4833
428
2683
3443
3943
4455
4835
4835
4836
986
4837
3282
4839
1960
4840
1267
4046
2178
2436
4841
3649
4841
619
111
4584
4842
1111
3237
4079
1589
4842
4843
4843
2741
4146
4843
4843
587
1708
278
4847
2147
4847
4850
2741
4851
2769
3696
4852
2252
4852
4852
636
4853
1090
4853
249
4348
4853
4855
4855
4855
4855
4856
828
4857
1289
4858
4858
4859
4860
3630
2226
1318
4491
1813
4861
4861
4865
4979
4866
908
594
1432
4866
4870
4870
2099
3642
4870
4864
4871
4871
3130
3186
4871
1270
4872
927
4872
4872
4872
4874
4876
4876
4876
4878
4878
4879
122
754
2066
4880
4880
4881
4882
2759
4883
4884
3340
4677
4884
4884
4692
3783
3979
4885
192
4885
2020
4885
3344
4440
861
2769
3575
4886
2597
4886
4886
4887
4888
4890
4891
41
4891
4891
4892
2666
739
4892
207
4897
4897
1644
4897
4898
4899
4899
1420
1590
4899
4060
4900
2384
3385
4900
4900
4901
2585
4801
4901
3323
2852
4901
818
3041
3727
218
1440
2741
4904
4905
4906
4906
4908
4908
4909
4910
4912
1736
1352
4915
2517
4917
4920
3086
4937
4921
2635
2238
4923
4674
1113
1519
4926
2497
1607
4926
4926
2047
4926
4927
4928
4929
4930
2185
4503
1811
4932
4491
4933
1238
670
4933
4934
4935
2778
4936
3763
593
4937
2235
4937
4938
4939
4939
4941
2755
4942
4944
3193
4944
4945
4946
4948
1259
778
3758
4950
4950
3829
4219
4952
1185
4953
790
4953
4954
4046
4955
4956
4957
424
4958
3181
4958
4959
4960
4960
4961
4962
4963
1518
4963
4964
3354
3040
4965
3970
4000
4965
2501
4706
4581
3551
4965
1337
4966
1457
4966
4967
4967
4968
3559
4968
682
4970
4973
4444
4973
4973
4974
3389
4975
3878
4975
4975
4976
4976
1228
4979
4979
4979
4980
4980
3234
4981
4981
3677
4983
1778
2511
4986
796
3322
4987
4987
4761
4987
4990
4990
4993
4994
3762
4996
1582
4996
357
4996
4998
1411
4999
5000
2906
1705
5000
1727
3753
4481