10

102

102

103

104

105

105

105

105

106

106

108

109

109

109

11

11

11

111

112

112

112

112

112

113

113

114

115

115

116

116

117

117

118

118

118

118

119

119

119

119

119

119

119

12

120

120

120

120

121

121

122

122

123

124

124

124

124

125

129

130

131

131

131

131

131

132

132

134

134

134

134

138

138

138

139

139

14

14

14

141

141

142

142

142

143

144

145

145

147

147

148

149

149

149

149

15

150

150

151

151

151

151

151

152

153

153

154

155

155

156

156

158
158

158

158

158

158

159

159

159

16

16

16

160

160

160

160

160

162

163

163

163

163

164

164

165

165

166

167

169

169

170

170

170

173

173

173

174

174

174

175

176

177

178

178

178

178

179

179

179

179

179

179

179

180

180

181

182

182

182

182

183

183

184

184

184

186

186

186

188

188

190

190

190

190

191

191

191

192

192

193

194

194

195

195

196

196

197

197

197

197

198

198

198

198

199

199

2

2

2

2

20

20

200

200

201

201

201

202

202

202

202

203

203

203

204

205

205

205

205

206

206

207

207

207

207

208

208

208

209

209

209

209

209

209

21

21

21

210

210

211

211

211

213

213

213

213

213

213

214

215

215

216

217

218

218

218

219

219

22

220

220

220

221

223

224

224

224

225

225

225

226

227

227

227

228

229

229

229

23

23

230

230

230

231

232

232

232

233

233

233

233

233

234

235

235

235

235

235

236

236

237

238

239

239

24

24

240

240

240

241

242

244

244

245

245

245

246

247

247

247

248

248

249

249

25

25

250

251

251

252

252

252

254

254

254

255

255

255

257

257

258

258

258

258

259

259

26

26

260

260

261

261

261

262

263

263

263

263

263

263

263

264

264

265

266

266

267

267

267

267

268

268

268

269

27

27

270

270

270

271

272

272

273

273

273

273

274

274

274

274

274

274

274

274

275

278

278

279

279

280

281

282

283

283

283

283

284

284

285

287

287

289

289

289

289

290

290

290

291

291

292

292

292

292

293

294

295

295

295

295

296

296

297

297

297

298

298

299

3

300

300

301

301

302

303

303

303

304

304

304

305

305

305

305

305

306

307

307

31

31

31

310

311

312

312

312

314

314

314

314

314

314

315

316

316

316

316

317

317

317

318

318

318

319

32

32

32

320

320

320

320

320

320

321

322

322

323

324

325

325

325

326

326

326

327

327

327

327

327

327

329

329

329

33

33

33

33

33

330

331

332

332

333

334

334

334

335

336

337

337

337

339

339

339

339

34

34

34

34

340

341

341

342

343

343

344

344

344

345

345

345

346

346

347

35

35

350

350

350

351

351

351

351

353

353

353

355

355

357

358

359

359

359

359

36

36

36

36

360

360

361

361

362

362

362

362

363

363

365

365

365

365

366

366

366

366

367

368

369

369

369

369

37

37

370

371

371

371

372

373

373

374

374

374

374

378

378

378

378

379

379

379

379

38

380

380

380

381

381

382

382

383

383

383

384

384

384

384

388

388

389

389

39

391

391

391

391

392

392

394

394

394

394

395

395

397

398

398

398

398

399

399

4

4

4

4

40

400

400

400

400

401

401

402

402

403

404

404

405

405

406

407

407

407

407

408

408

408

409

409

409

410

410

410

410

410

411

412

412

413

413

413

413

414

414

415

416

416

416

417

417

417

417

418

418

419

420

421

421

422

425

425

426

426

426

427

427

428

428

428

428

429

429

429

429

43

43

430

430

430

430

431

431

431

431

431

432

433

433

434

434

434

435

435

435

436

437

438

438

438

438

438

438

439

44

441

441

442

443

443

443

444

444

444

444

444

445

445

446

446

447

448

448

448

449

449

450

451

451

452

452

453

453

454

454

455

455

455

457

457

458

458

458

458

458

459

459

46

460

460

462

462

462

464

464

464

464

465

465

466

466

467

467

469

47

470

470

470

471

472

472

473

474

474

476

477

477

477

478

479

48

48

480

480

480

481

481

481

481

482

482

483

484

484

484

484

484

485

485

485

485

488

488

488

488

489

489

489

491

491

492

492

493

495

495

496

497

497

497

498

498

498

499

499

50

50

50

50

500

51

51

52

52

53

53

53

54

54

54

56

56

56

57

57

57

57

57

58

58

59

59

6

6

6

6

60

61

61

61

62

63

66

67

67

67

67

68

68

69

69

70

71

71

71

71

71

71

72

74

76

76

77

78

79

79

8

8

80

82

83

83

83

84

84

84

85

85

86

86

87

87

89

89

89

89

9

9

90

90

90

92

92

92

93

94

95

95

95

95

95

96

96

96

97

98

99

99

99

